 0.00000000e+00  1.80000000e+00 
 1.00000000e-03  1.80000000e+00 
 2.00000000e-03  1.80000000e+00 
 3.00000000e-03  1.80000000e+00 
 4.00000000e-03  1.80000000e+00 
 5.00000000e-03  1.80000000e+00 
 6.00000000e-03  1.80000000e+00 
 7.00000000e-03  1.80000000e+00 
 8.00000000e-03  1.80000000e+00 
 9.00000000e-03  1.80000000e+00 
 1.00000000e-02  1.80000000e+00 
 1.10000000e-02  1.80000000e+00 
 1.20000000e-02  1.80000000e+00 
 1.30000000e-02  1.80000000e+00 
 1.40000000e-02  1.80000000e+00 
 1.50000000e-02  1.80000000e+00 
 1.60000000e-02  1.80000000e+00 
 1.70000000e-02  1.80000000e+00 
 1.80000000e-02  1.80000000e+00 
 1.90000000e-02  1.80000000e+00 
 2.00000000e-02  1.80000000e+00 
 2.10000000e-02  1.80000000e+00 
 2.20000000e-02  1.80000000e+00 
 2.30000000e-02  1.80000000e+00 
 2.40000000e-02  1.80000000e+00 
 2.50000000e-02  1.80000000e+00 
 2.60000000e-02  1.80000000e+00 
 2.70000000e-02  1.80000000e+00 
 2.80000000e-02  1.80000000e+00 
 2.90000000e-02  1.80000000e+00 
 3.00000000e-02  1.80000000e+00 
 3.10000000e-02  1.80000000e+00 
 3.20000000e-02  1.80000000e+00 
 3.30000000e-02  1.80000000e+00 
 3.40000000e-02  1.80000000e+00 
 3.50000000e-02  1.80000000e+00 
 3.60000000e-02  1.80000000e+00 
 3.70000000e-02  1.80000000e+00 
 3.80000000e-02  1.80000000e+00 
 3.90000000e-02  1.80000000e+00 
 4.00000000e-02  1.80000000e+00 
 4.10000000e-02  1.80000000e+00 
 4.20000000e-02  1.80000000e+00 
 4.30000000e-02  1.80000000e+00 
 4.40000000e-02  1.80000000e+00 
 4.50000000e-02  1.80000000e+00 
 4.60000000e-02  1.80000000e+00 
 4.70000000e-02  1.80000000e+00 
 4.80000000e-02  1.80000000e+00 
 4.90000000e-02  1.79999999e+00 
 5.00000000e-02  1.79999999e+00 
 5.10000000e-02  1.79999999e+00 
 5.20000000e-02  1.79999999e+00 
 5.30000000e-02  1.79999999e+00 
 5.40000000e-02  1.79999999e+00 
 5.50000000e-02  1.79999999e+00 
 5.60000000e-02  1.79999999e+00 
 5.70000000e-02  1.79999999e+00 
 5.80000000e-02  1.79999999e+00 
 5.90000000e-02  1.79999999e+00 
 6.00000000e-02  1.79999999e+00 
 6.10000000e-02  1.79999999e+00 
 6.20000000e-02  1.79999999e+00 
 6.30000000e-02  1.79999999e+00 
 6.40000000e-02  1.79999999e+00 
 6.50000000e-02  1.79999999e+00 
 6.60000000e-02  1.79999999e+00 
 6.70000000e-02  1.79999999e+00 
 6.80000000e-02  1.79999999e+00 
 6.90000000e-02  1.79999999e+00 
 7.00000000e-02  1.79999999e+00 
 7.10000000e-02  1.79999999e+00 
 7.20000000e-02  1.79999999e+00 
 7.30000000e-02  1.79999999e+00 
 7.40000000e-02  1.79999999e+00 
 7.50000000e-02  1.79999999e+00 
 7.60000000e-02  1.79999999e+00 
 7.70000000e-02  1.79999999e+00 
 7.80000000e-02  1.79999999e+00 
 7.90000000e-02  1.79999999e+00 
 8.00000000e-02  1.79999999e+00 
 8.10000000e-02  1.79999999e+00 
 8.20000000e-02  1.79999999e+00 
 8.30000000e-02  1.79999999e+00 
 8.40000000e-02  1.79999999e+00 
 8.50000000e-02  1.79999999e+00 
 8.60000000e-02  1.79999999e+00 
 8.70000000e-02  1.79999999e+00 
 8.80000000e-02  1.79999999e+00 
 8.90000000e-02  1.79999999e+00 
 9.00000000e-02  1.79999999e+00 
 9.10000000e-02  1.79999999e+00 
 9.20000000e-02  1.79999999e+00 
 9.30000000e-02  1.79999999e+00 
 9.40000000e-02  1.79999999e+00 
 9.50000000e-02  1.79999999e+00 
 9.60000000e-02  1.79999999e+00 
 9.70000000e-02  1.79999999e+00 
 9.80000000e-02  1.79999999e+00 
 9.90000000e-02  1.79999999e+00 
 1.00000000e-01  1.79999999e+00 
 1.01000000e-01  1.79999999e+00 
 1.02000000e-01  1.79999999e+00 
 1.03000000e-01  1.79999999e+00 
 1.04000000e-01  1.79999999e+00 
 1.05000000e-01  1.79999999e+00 
 1.06000000e-01  1.79999999e+00 
 1.07000000e-01  1.79999999e+00 
 1.08000000e-01  1.79999999e+00 
 1.09000000e-01  1.79999999e+00 
 1.10000000e-01  1.79999999e+00 
 1.11000000e-01  1.79999999e+00 
 1.12000000e-01  1.79999999e+00 
 1.13000000e-01  1.79999999e+00 
 1.14000000e-01  1.79999999e+00 
 1.15000000e-01  1.79999999e+00 
 1.16000000e-01  1.79999999e+00 
 1.17000000e-01  1.79999999e+00 
 1.18000000e-01  1.79999999e+00 
 1.19000000e-01  1.79999999e+00 
 1.20000000e-01  1.79999999e+00 
 1.21000000e-01  1.79999999e+00 
 1.22000000e-01  1.79999999e+00 
 1.23000000e-01  1.79999999e+00 
 1.24000000e-01  1.79999999e+00 
 1.25000000e-01  1.79999999e+00 
 1.26000000e-01  1.79999999e+00 
 1.27000000e-01  1.79999999e+00 
 1.28000000e-01  1.79999999e+00 
 1.29000000e-01  1.79999999e+00 
 1.30000000e-01  1.79999999e+00 
 1.31000000e-01  1.79999999e+00 
 1.32000000e-01  1.79999999e+00 
 1.33000000e-01  1.79999999e+00 
 1.34000000e-01  1.79999999e+00 
 1.35000000e-01  1.79999999e+00 
 1.36000000e-01  1.79999999e+00 
 1.37000000e-01  1.79999999e+00 
 1.38000000e-01  1.79999999e+00 
 1.39000000e-01  1.79999999e+00 
 1.40000000e-01  1.79999999e+00 
 1.41000000e-01  1.79999999e+00 
 1.42000000e-01  1.79999999e+00 
 1.43000000e-01  1.79999999e+00 
 1.44000000e-01  1.79999999e+00 
 1.45000000e-01  1.79999999e+00 
 1.46000000e-01  1.79999999e+00 
 1.47000000e-01  1.79999999e+00 
 1.48000000e-01  1.79999999e+00 
 1.49000000e-01  1.79999999e+00 
 1.50000000e-01  1.79999999e+00 
 1.51000000e-01  1.79999999e+00 
 1.52000000e-01  1.79999999e+00 
 1.53000000e-01  1.79999999e+00 
 1.54000000e-01  1.79999999e+00 
 1.55000000e-01  1.79999999e+00 
 1.56000000e-01  1.79999999e+00 
 1.57000000e-01  1.79999999e+00 
 1.58000000e-01  1.79999999e+00 
 1.59000000e-01  1.79999999e+00 
 1.60000000e-01  1.79999999e+00 
 1.61000000e-01  1.79999999e+00 
 1.62000000e-01  1.79999999e+00 
 1.63000000e-01  1.79999999e+00 
 1.64000000e-01  1.79999999e+00 
 1.65000000e-01  1.79999999e+00 
 1.66000000e-01  1.79999999e+00 
 1.67000000e-01  1.79999999e+00 
 1.68000000e-01  1.79999999e+00 
 1.69000000e-01  1.79999999e+00 
 1.70000000e-01  1.79999999e+00 
 1.71000000e-01  1.79999998e+00 
 1.72000000e-01  1.79999998e+00 
 1.73000000e-01  1.79999998e+00 
 1.74000000e-01  1.79999998e+00 
 1.75000000e-01  1.79999998e+00 
 1.76000000e-01  1.79999998e+00 
 1.77000000e-01  1.79999998e+00 
 1.78000000e-01  1.79999998e+00 
 1.79000000e-01  1.79999998e+00 
 1.80000000e-01  1.79999998e+00 
 1.81000000e-01  1.79999998e+00 
 1.82000000e-01  1.79999998e+00 
 1.83000000e-01  1.79999998e+00 
 1.84000000e-01  1.79999998e+00 
 1.85000000e-01  1.79999998e+00 
 1.86000000e-01  1.79999998e+00 
 1.87000000e-01  1.79999998e+00 
 1.88000000e-01  1.79999998e+00 
 1.89000000e-01  1.79999998e+00 
 1.90000000e-01  1.79999998e+00 
 1.91000000e-01  1.79999998e+00 
 1.92000000e-01  1.79999998e+00 
 1.93000000e-01  1.79999998e+00 
 1.94000000e-01  1.79999998e+00 
 1.95000000e-01  1.79999998e+00 
 1.96000000e-01  1.79999997e+00 
 1.97000000e-01  1.79999997e+00 
 1.98000000e-01  1.79999997e+00 
 1.99000000e-01  1.79999997e+00 
 2.00000000e-01  1.79999997e+00 
 2.01000000e-01  1.79999997e+00 
 2.02000000e-01  1.79999997e+00 
 2.03000000e-01  1.79999997e+00 
 2.04000000e-01  1.79999997e+00 
 2.05000000e-01  1.79999997e+00 
 2.06000000e-01  1.79999997e+00 
 2.07000000e-01  1.79999997e+00 
 2.08000000e-01  1.79999997e+00 
 2.09000000e-01  1.79999997e+00 
 2.10000000e-01  1.79999996e+00 
 2.11000000e-01  1.79999996e+00 
 2.12000000e-01  1.79999996e+00 
 2.13000000e-01  1.79999996e+00 
 2.14000000e-01  1.79999996e+00 
 2.15000000e-01  1.79999996e+00 
 2.16000000e-01  1.79999996e+00 
 2.17000000e-01  1.79999996e+00 
 2.18000000e-01  1.79999996e+00 
 2.19000000e-01  1.79999996e+00 
 2.20000000e-01  1.79999996e+00 
 2.21000000e-01  1.79999995e+00 
 2.22000000e-01  1.79999995e+00 
 2.23000000e-01  1.79999995e+00 
 2.24000000e-01  1.79999995e+00 
 2.25000000e-01  1.79999995e+00 
 2.26000000e-01  1.79999995e+00 
 2.27000000e-01  1.79999995e+00 
 2.28000000e-01  1.79999995e+00 
 2.29000000e-01  1.79999994e+00 
 2.30000000e-01  1.79999994e+00 
 2.31000000e-01  1.79999994e+00 
 2.32000000e-01  1.79999994e+00 
 2.33000000e-01  1.79999994e+00 
 2.34000000e-01  1.79999994e+00 
 2.35000000e-01  1.79999993e+00 
 2.36000000e-01  1.79999993e+00 
 2.37000000e-01  1.79999993e+00 
 2.38000000e-01  1.79999993e+00 
 2.39000000e-01  1.79999993e+00 
 2.40000000e-01  1.79999993e+00 
 2.41000000e-01  1.79999992e+00 
 2.42000000e-01  1.79999992e+00 
 2.43000000e-01  1.79999992e+00 
 2.44000000e-01  1.79999992e+00 
 2.45000000e-01  1.79999992e+00 
 2.46000000e-01  1.79999991e+00 
 2.47000000e-01  1.79999991e+00 
 2.48000000e-01  1.79999991e+00 
 2.49000000e-01  1.79999991e+00 
 2.50000000e-01  1.79999990e+00 
 2.51000000e-01  1.79999990e+00 
 2.52000000e-01  1.79999990e+00 
 2.53000000e-01  1.79999990e+00 
 2.54000000e-01  1.79999989e+00 
 2.55000000e-01  1.79999989e+00 
 2.56000000e-01  1.79999989e+00 
 2.57000000e-01  1.79999988e+00 
 2.58000000e-01  1.79999988e+00 
 2.59000000e-01  1.79999988e+00 
 2.60000000e-01  1.79999987e+00 
 2.61000000e-01  1.79999987e+00 
 2.62000000e-01  1.79999987e+00 
 2.63000000e-01  1.79999986e+00 
 2.64000000e-01  1.79999986e+00 
 2.65000000e-01  1.79999986e+00 
 2.66000000e-01  1.79999985e+00 
 2.67000000e-01  1.79999985e+00 
 2.68000000e-01  1.79999984e+00 
 2.69000000e-01  1.79999984e+00 
 2.70000000e-01  1.79999984e+00 
 2.71000000e-01  1.79999983e+00 
 2.72000000e-01  1.79999983e+00 
 2.73000000e-01  1.79999982e+00 
 2.74000000e-01  1.79999982e+00 
 2.75000000e-01  1.79999981e+00 
 2.76000000e-01  1.79999981e+00 
 2.77000000e-01  1.79999980e+00 
 2.78000000e-01  1.79999980e+00 
 2.79000000e-01  1.79999979e+00 
 2.80000000e-01  1.79999978e+00 
 2.81000000e-01  1.79999978e+00 
 2.82000000e-01  1.79999977e+00 
 2.83000000e-01  1.79999977e+00 
 2.84000000e-01  1.79999976e+00 
 2.85000000e-01  1.79999975e+00 
 2.86000000e-01  1.79999974e+00 
 2.87000000e-01  1.79999974e+00 
 2.88000000e-01  1.79999973e+00 
 2.89000000e-01  1.79999972e+00 
 2.90000000e-01  1.79999972e+00 
 2.91000000e-01  1.79999971e+00 
 2.92000000e-01  1.79999970e+00 
 2.93000000e-01  1.79999969e+00 
 2.94000000e-01  1.79999968e+00 
 2.95000000e-01  1.79999967e+00 
 2.96000000e-01  1.79999966e+00 
 2.97000000e-01  1.79999965e+00 
 2.98000000e-01  1.79999965e+00 
 2.99000000e-01  1.79999964e+00 
 3.00000000e-01  1.79999963e+00 
 3.01000000e-01  1.79999961e+00 
 3.02000000e-01  1.79999960e+00 
 3.03000000e-01  1.79999959e+00 
 3.04000000e-01  1.79999958e+00 
 3.05000000e-01  1.79999957e+00 
 3.06000000e-01  1.79999956e+00 
 3.07000000e-01  1.79999955e+00 
 3.08000000e-01  1.79999953e+00 
 3.09000000e-01  1.79999952e+00 
 3.10000000e-01  1.79999951e+00 
 3.11000000e-01  1.79999949e+00 
 3.12000000e-01  1.79999948e+00 
 3.13000000e-01  1.79999946e+00 
 3.14000000e-01  1.79999945e+00 
 3.15000000e-01  1.79999943e+00 
 3.16000000e-01  1.79999942e+00 
 3.17000000e-01  1.79999940e+00 
 3.18000000e-01  1.79999938e+00 
 3.19000000e-01  1.79999937e+00 
 3.20000000e-01  1.79999935e+00 
 3.21000000e-01  1.79999933e+00 
 3.22000000e-01  1.79999931e+00 
 3.23000000e-01  1.79999929e+00 
 3.24000000e-01  1.79999927e+00 
 3.25000000e-01  1.79999925e+00 
 3.26000000e-01  1.79999923e+00 
 3.27000000e-01  1.79999921e+00 
 3.28000000e-01  1.79999919e+00 
 3.29000000e-01  1.79999916e+00 
 3.30000000e-01  1.79999914e+00 
 3.31000000e-01  1.79999911e+00 
 3.32000000e-01  1.79999909e+00 
 3.33000000e-01  1.79999906e+00 
 3.34000000e-01  1.79999904e+00 
 3.35000000e-01  1.79999901e+00 
 3.36000000e-01  1.79999898e+00 
 3.37000000e-01  1.79999895e+00 
 3.38000000e-01  1.79999892e+00 
 3.39000000e-01  1.79999889e+00 
 3.40000000e-01  1.79999886e+00 
 3.41000000e-01  1.79999883e+00 
 3.42000000e-01  1.79999880e+00 
 3.43000000e-01  1.79999876e+00 
 3.44000000e-01  1.79999873e+00 
 3.45000000e-01  1.79999869e+00 
 3.46000000e-01  1.79999865e+00 
 3.47000000e-01  1.79999862e+00 
 3.48000000e-01  1.79999858e+00 
 3.49000000e-01  1.79999854e+00 
 3.50000000e-01  1.79999850e+00 
 3.51000000e-01  1.79999845e+00 
 3.52000000e-01  1.79999841e+00 
 3.53000000e-01  1.79999836e+00 
 3.54000000e-01  1.79999832e+00 
 3.55000000e-01  1.79999827e+00 
 3.56000000e-01  1.79999822e+00 
 3.57000000e-01  1.79999817e+00 
 3.58000000e-01  1.79999812e+00 
 3.59000000e-01  1.79999807e+00 
 3.60000000e-01  1.79999801e+00 
 3.61000000e-01  1.79999795e+00 
 3.62000000e-01  1.79999790e+00 
 3.63000000e-01  1.79999784e+00 
 3.64000000e-01  1.79999777e+00 
 3.65000000e-01  1.79999771e+00 
 3.66000000e-01  1.79999765e+00 
 3.67000000e-01  1.79999758e+00 
 3.68000000e-01  1.79999751e+00 
 3.69000000e-01  1.79999744e+00 
 3.70000000e-01  1.79999737e+00 
 3.71000000e-01  1.79999729e+00 
 3.72000000e-01  1.79999722e+00 
 3.73000000e-01  1.79999714e+00 
 3.74000000e-01  1.79999706e+00 
 3.75000000e-01  1.79999697e+00 
 3.76000000e-01  1.79999689e+00 
 3.77000000e-01  1.79999680e+00 
 3.78000000e-01  1.79999671e+00 
 3.79000000e-01  1.79999661e+00 
 3.80000000e-01  1.79999652e+00 
 3.81000000e-01  1.79999642e+00 
 3.82000000e-01  1.79999632e+00 
 3.83000000e-01  1.79999621e+00 
 3.84000000e-01  1.79999611e+00 
 3.85000000e-01  1.79999600e+00 
 3.86000000e-01  1.79999588e+00 
 3.87000000e-01  1.79999577e+00 
 3.88000000e-01  1.79999565e+00 
 3.89000000e-01  1.79999552e+00 
 3.90000000e-01  1.79999539e+00 
 3.91000000e-01  1.79999526e+00 
 3.92000000e-01  1.79999513e+00 
 3.93000000e-01  1.79999499e+00 
 3.94000000e-01  1.79999485e+00 
 3.95000000e-01  1.79999470e+00 
 3.96000000e-01  1.79999455e+00 
 3.97000000e-01  1.79999440e+00 
 3.98000000e-01  1.79999424e+00 
 3.99000000e-01  1.79999408e+00 
 4.00000000e-01  1.79999391e+00 
 4.01000000e-01  1.79999374e+00 
 4.02000000e-01  1.79999356e+00 
 4.03000000e-01  1.79999338e+00 
 4.04000000e-01  1.79999319e+00 
 4.05000000e-01  1.79999299e+00 
 4.06000000e-01  1.79999280e+00 
 4.07000000e-01  1.79999259e+00 
 4.08000000e-01  1.79999238e+00 
 4.09000000e-01  1.79999217e+00 
 4.10000000e-01  1.79999194e+00 
 4.11000000e-01  1.79999172e+00 
 4.12000000e-01  1.79999148e+00 
 4.13000000e-01  1.79999124e+00 
 4.14000000e-01  1.79999099e+00 
 4.15000000e-01  1.79999074e+00 
 4.16000000e-01  1.79999047e+00 
 4.17000000e-01  1.79999020e+00 
 4.18000000e-01  1.79998993e+00 
 4.19000000e-01  1.79998964e+00 
 4.20000000e-01  1.79998935e+00 
 4.21000000e-01  1.79998905e+00 
 4.22000000e-01  1.79998874e+00 
 4.23000000e-01  1.79998842e+00 
 4.24000000e-01  1.79998809e+00 
 4.25000000e-01  1.79998775e+00 
 4.26000000e-01  1.79998741e+00 
 4.27000000e-01  1.79998705e+00 
 4.28000000e-01  1.79998668e+00 
 4.29000000e-01  1.79998631e+00 
 4.30000000e-01  1.79998592e+00 
 4.31000000e-01  1.79998552e+00 
 4.32000000e-01  1.79998511e+00 
 4.33000000e-01  1.79998469e+00 
 4.34000000e-01  1.79998426e+00 
 4.35000000e-01  1.79998381e+00 
 4.36000000e-01  1.79998336e+00 
 4.37000000e-01  1.79998289e+00 
 4.38000000e-01  1.79998240e+00 
 4.39000000e-01  1.79998191e+00 
 4.40000000e-01  1.79998140e+00 
 4.41000000e-01  1.79998087e+00 
 4.42000000e-01  1.79998033e+00 
 4.43000000e-01  1.79997978e+00 
 4.44000000e-01  1.79997921e+00 
 4.45000000e-01  1.79997862e+00 
 4.46000000e-01  1.79997802e+00 
 4.47000000e-01  1.79997740e+00 
 4.48000000e-01  1.79997676e+00 
 4.49000000e-01  1.79997610e+00 
 4.50000000e-01  1.79997543e+00 
 4.51000000e-01  1.79997474e+00 
 4.52000000e-01  1.79997403e+00 
 4.53000000e-01  1.79997330e+00 
 4.54000000e-01  1.79997254e+00 
 4.55000000e-01  1.79997177e+00 
 4.56000000e-01  1.79997098e+00 
 4.57000000e-01  1.79997016e+00 
 4.58000000e-01  1.79996932e+00 
 4.59000000e-01  1.79996846e+00 
 4.60000000e-01  1.79996757e+00 
 4.61000000e-01  1.79996666e+00 
 4.62000000e-01  1.79996573e+00 
 4.63000000e-01  1.79996476e+00 
 4.64000000e-01  1.79996377e+00 
 4.65000000e-01  1.79996276e+00 
 4.66000000e-01  1.79996171e+00 
 4.67000000e-01  1.79996064e+00 
 4.68000000e-01  1.79995953e+00 
 4.69000000e-01  1.79995840e+00 
 4.70000000e-01  1.79995723e+00 
 4.71000000e-01  1.79995604e+00 
 4.72000000e-01  1.79995481e+00 
 4.73000000e-01  1.79995354e+00 
 4.74000000e-01  1.79995224e+00 
 4.75000000e-01  1.79995090e+00 
 4.76000000e-01  1.79994953e+00 
 4.77000000e-01  1.79994812e+00 
 4.78000000e-01  1.79994667e+00 
 4.79000000e-01  1.79994518e+00 
 4.80000000e-01  1.79994365e+00 
 4.81000000e-01  1.79994208e+00 
 4.82000000e-01  1.79994046e+00 
 4.83000000e-01  1.79993880e+00 
 4.84000000e-01  1.79993709e+00 
 4.85000000e-01  1.79993534e+00 
 4.86000000e-01  1.79993354e+00 
 4.87000000e-01  1.79993169e+00 
 4.88000000e-01  1.79992978e+00 
 4.89000000e-01  1.79992783e+00 
 4.90000000e-01  1.79992582e+00 
 4.91000000e-01  1.79992376e+00 
 4.92000000e-01  1.79992164e+00 
 4.93000000e-01  1.79991946e+00 
 4.94000000e-01  1.79991723e+00 
 4.95000000e-01  1.79991493e+00 
 4.96000000e-01  1.79991257e+00 
 4.97000000e-01  1.79991015e+00 
 4.98000000e-01  1.79990766e+00 
 4.99000000e-01  1.79990510e+00 
 5.00000000e-01  1.79990247e+00 
 5.01000000e-01  1.79989977e+00 
 5.02000000e-01  1.79989700e+00 
 5.03000000e-01  1.79989415e+00 
 5.04000000e-01  1.79989123e+00 
 5.05000000e-01  1.79988822e+00 
 5.06000000e-01  1.79988514e+00 
 5.07000000e-01  1.79988197e+00 
 5.08000000e-01  1.79987872e+00 
 5.09000000e-01  1.79987537e+00 
 5.10000000e-01  1.79987194e+00 
 5.11000000e-01  1.79986842e+00 
 5.12000000e-01  1.79986480e+00 
 5.13000000e-01  1.79986108e+00 
 5.14000000e-01  1.79985726e+00 
 5.15000000e-01  1.79985334e+00 
 5.16000000e-01  1.79984932e+00 
 5.17000000e-01  1.79984519e+00 
 5.18000000e-01  1.79984094e+00 
 5.19000000e-01  1.79983659e+00 
 5.20000000e-01  1.79983212e+00 
 5.21000000e-01  1.79982752e+00 
 5.22000000e-01  1.79982281e+00 
 5.23000000e-01  1.79981797e+00 
 5.24000000e-01  1.79981300e+00 
 5.25000000e-01  1.79980790e+00 
 5.26000000e-01  1.79980266e+00 
 5.27000000e-01  1.79979728e+00 
 5.28000000e-01  1.79979177e+00 
 5.29000000e-01  1.79978610e+00 
 5.30000000e-01  1.79978029e+00 
 5.31000000e-01  1.79977432e+00 
 5.32000000e-01  1.79976819e+00 
 5.33000000e-01  1.79976191e+00 
 5.34000000e-01  1.79975545e+00 
 5.35000000e-01  1.79974883e+00 
 5.36000000e-01  1.79974203e+00 
 5.37000000e-01  1.79973506e+00 
 5.38000000e-01  1.79972790e+00 
 5.39000000e-01  1.79972056e+00 
 5.40000000e-01  1.79971302e+00 
 5.41000000e-01  1.79970529e+00 
 5.42000000e-01  1.79969735e+00 
 5.43000000e-01  1.79968921e+00 
 5.44000000e-01  1.79968086e+00 
 5.45000000e-01  1.79967229e+00 
 5.46000000e-01  1.79966349e+00 
 5.47000000e-01  1.79965447e+00 
 5.48000000e-01  1.79964522e+00 
 5.49000000e-01  1.79963572e+00 
 5.50000000e-01  1.79962599e+00 
 5.51000000e-01  1.79961600e+00 
 5.52000000e-01  1.79960575e+00 
 5.53000000e-01  1.79959524e+00 
 5.54000000e-01  1.79958446e+00 
 5.55000000e-01  1.79957340e+00 
 5.56000000e-01  1.79956206e+00 
 5.57000000e-01  1.79955044e+00 
 5.58000000e-01  1.79953851e+00 
 5.59000000e-01  1.79952628e+00 
 5.60000000e-01  1.79951374e+00 
 5.61000000e-01  1.79950088e+00 
 5.62000000e-01  1.79948770e+00 
 5.63000000e-01  1.79947418e+00 
 5.64000000e-01  1.79946032e+00 
 5.65000000e-01  1.79944610e+00 
 5.66000000e-01  1.79943154e+00 
 5.67000000e-01  1.79941660e+00 
 5.68000000e-01  1.79940129e+00 
 5.69000000e-01  1.79938559e+00 
 5.70000000e-01  1.79936951e+00 
 5.71000000e-01  1.79935302e+00 
 5.72000000e-01  1.79933611e+00 
 5.73000000e-01  1.79931879e+00 
 5.74000000e-01  1.79930104e+00 
 5.75000000e-01  1.79928284e+00 
 5.76000000e-01  1.79926420e+00 
 5.77000000e-01  1.79924509e+00 
 5.78000000e-01  1.79922551e+00 
 5.79000000e-01  1.79920545e+00 
 5.80000000e-01  1.79918489e+00 
 5.81000000e-01  1.79916383e+00 
 5.82000000e-01  1.79914226e+00 
 5.83000000e-01  1.79912015e+00 
 5.84000000e-01  1.79909751e+00 
 5.85000000e-01  1.79907431e+00 
 5.86000000e-01  1.79905055e+00 
 5.87000000e-01  1.79902621e+00 
 5.88000000e-01  1.79900128e+00 
 5.89000000e-01  1.79897575e+00 
 5.90000000e-01  1.79894960e+00 
 5.91000000e-01  1.79892282e+00 
 5.92000000e-01  1.79889539e+00 
 5.93000000e-01  1.79886731e+00 
 5.94000000e-01  1.79883856e+00 
 5.95000000e-01  1.79880911e+00 
 5.96000000e-01  1.79877897e+00 
 5.97000000e-01  1.79874810e+00 
 5.98000000e-01  1.79871651e+00 
 5.99000000e-01  1.79868416e+00 
 6.00000000e-01  1.79865105e+00 
 6.01000000e-01  1.79861715e+00 
 6.02000000e-01  1.79858246e+00 
 6.03000000e-01  1.79854695e+00 
 6.04000000e-01  1.79851061e+00 
 6.05000000e-01  1.79847342e+00 
 6.06000000e-01  1.79843535e+00 
 6.07000000e-01  1.79839640e+00 
 6.08000000e-01  1.79835655e+00 
 6.09000000e-01  1.79831577e+00 
 6.10000000e-01  1.79827404e+00 
 6.11000000e-01  1.79823135e+00 
 6.12000000e-01  1.79818768e+00 
 6.13000000e-01  1.79814300e+00 
 6.14000000e-01  1.79809730e+00 
 6.15000000e-01  1.79805055e+00 
 6.16000000e-01  1.79800273e+00 
 6.17000000e-01  1.79795382e+00 
 6.18000000e-01  1.79790380e+00 
 6.19000000e-01  1.79785264e+00 
 6.20000000e-01  1.79780033e+00 
 6.21000000e-01  1.79774684e+00 
 6.22000000e-01  1.79769214e+00 
 6.23000000e-01  1.79763621e+00 
 6.24000000e-01  1.79757903e+00 
 6.25000000e-01  1.79752057e+00 
 6.26000000e-01  1.79746081e+00 
 6.27000000e-01  1.79739971e+00 
 6.28000000e-01  1.79733726e+00 
 6.29000000e-01  1.79727343e+00 
 6.30000000e-01  1.79720818e+00 
 6.31000000e-01  1.79714150e+00 
 6.32000000e-01  1.79707336e+00 
 6.33000000e-01  1.79700372e+00 
 6.34000000e-01  1.79693255e+00 
 6.35000000e-01  1.79685983e+00 
 6.36000000e-01  1.79678554e+00 
 6.37000000e-01  1.79670962e+00 
 6.38000000e-01  1.79663207e+00 
 6.39000000e-01  1.79655284e+00 
 6.40000000e-01  1.79647190e+00 
 6.41000000e-01  1.79638922e+00 
 6.42000000e-01  1.79630478e+00 
 6.43000000e-01  1.79621852e+00 
 6.44000000e-01  1.79613043e+00 
 6.45000000e-01  1.79604047e+00 
 6.46000000e-01  1.79594859e+00 
 6.47000000e-01  1.79585478e+00 
 6.48000000e-01  1.79575898e+00 
 6.49000000e-01  1.79566117e+00 
 6.50000000e-01  1.79556130e+00 
 6.51000000e-01  1.79545934e+00 
 6.52000000e-01  1.79535526e+00 
 6.53000000e-01  1.79524901e+00 
 6.54000000e-01  1.79514055e+00 
 6.55000000e-01  1.79502984e+00 
 6.56000000e-01  1.79491684e+00 
 6.57000000e-01  1.79480152e+00 
 6.58000000e-01  1.79468382e+00 
 6.59000000e-01  1.79456372e+00 
 6.60000000e-01  1.79444115e+00 
 6.61000000e-01  1.79431609e+00 
 6.62000000e-01  1.79418848e+00 
 6.63000000e-01  1.79405829e+00 
 6.64000000e-01  1.79392546e+00 
 6.65000000e-01  1.79378995e+00 
 6.66000000e-01  1.79365171e+00 
 6.67000000e-01  1.79351070e+00 
 6.68000000e-01  1.79336686e+00 
 6.69000000e-01  1.79322015e+00 
 6.70000000e-01  1.79307052e+00 
 6.71000000e-01  1.79291791e+00 
 6.72000000e-01  1.79276229e+00 
 6.73000000e-01  1.79260358e+00 
 6.74000000e-01  1.79244175e+00 
 6.75000000e-01  1.79227673e+00 
 6.76000000e-01  1.79210848e+00 
 6.77000000e-01  1.79193694e+00 
 6.78000000e-01  1.79176205e+00 
 6.79000000e-01  1.79158375e+00 
 6.80000000e-01  1.79140200e+00 
 6.81000000e-01  1.79121672e+00 
 6.82000000e-01  1.79102786e+00 
 6.83000000e-01  1.79083537e+00 
 6.84000000e-01  1.79063917e+00 
 6.85000000e-01  1.79043922e+00 
 6.86000000e-01  1.79023544e+00 
 6.87000000e-01  1.79002777e+00 
 6.88000000e-01  1.78981614e+00 
 6.89000000e-01  1.78960050e+00 
 6.90000000e-01  1.78938078e+00 
 6.91000000e-01  1.78915690e+00 
 6.92000000e-01  1.78892880e+00 
 6.93000000e-01  1.78869641e+00 
 6.94000000e-01  1.78845966e+00 
 6.95000000e-01  1.78821847e+00 
 6.96000000e-01  1.78797278e+00 
 6.97000000e-01  1.78772251e+00 
 6.98000000e-01  1.78746759e+00 
 6.99000000e-01  1.78720793e+00 
 7.00000000e-01  1.78694347e+00 
 7.01000000e-01  1.78667412e+00 
 7.02000000e-01  1.78639980e+00 
 7.03000000e-01  1.78612044e+00 
 7.04000000e-01  1.78583595e+00 
 7.05000000e-01  1.78554624e+00 
 7.06000000e-01  1.78525124e+00 
 7.07000000e-01  1.78495086e+00 
 7.08000000e-01  1.78464500e+00 
 7.09000000e-01  1.78433358e+00 
 7.10000000e-01  1.78401651e+00 
 7.11000000e-01  1.78369370e+00 
 7.12000000e-01  1.78336506e+00 
 7.13000000e-01  1.78303048e+00 
 7.14000000e-01  1.78268988e+00 
 7.15000000e-01  1.78234315e+00 
 7.16000000e-01  1.78199019e+00 
 7.17000000e-01  1.78163091e+00 
 7.18000000e-01  1.78126520e+00 
 7.19000000e-01  1.78089295e+00 
 7.20000000e-01  1.78051406e+00 
 7.21000000e-01  1.78012843e+00 
 7.22000000e-01  1.77973593e+00 
 7.23000000e-01  1.77933645e+00 
 7.24000000e-01  1.77892989e+00 
 7.25000000e-01  1.77851612e+00 
 7.26000000e-01  1.77809503e+00 
 7.27000000e-01  1.77766649e+00 
 7.28000000e-01  1.77723039e+00 
 7.29000000e-01  1.77678659e+00 
 7.30000000e-01  1.77633497e+00 
 7.31000000e-01  1.77587539e+00 
 7.32000000e-01  1.77540773e+00 
 7.33000000e-01  1.77493185e+00 
 7.34000000e-01  1.77444761e+00 
 7.35000000e-01  1.77395486e+00 
 7.36000000e-01  1.77345347e+00 
 7.37000000e-01  1.77294329e+00 
 7.38000000e-01  1.77242416e+00 
 7.39000000e-01  1.77189594e+00 
 7.40000000e-01  1.77135846e+00 
 7.41000000e-01  1.77081158e+00 
 7.42000000e-01  1.77025511e+00 
 7.43000000e-01  1.76968890e+00 
 7.44000000e-01  1.76911278e+00 
 7.45000000e-01  1.76852656e+00 
 7.46000000e-01  1.76793008e+00 
 7.47000000e-01  1.76732315e+00 
 7.48000000e-01  1.76670558e+00 
 7.49000000e-01  1.76607718e+00 
 7.50000000e-01  1.76543775e+00 
 7.51000000e-01  1.76478710e+00 
 7.52000000e-01  1.76412501e+00 
 7.53000000e-01  1.76345128e+00 
 7.54000000e-01  1.76276569e+00 
 7.55000000e-01  1.76206801e+00 
 7.56000000e-01  1.76135802e+00 
 7.57000000e-01  1.76063548e+00 
 7.58000000e-01  1.75990016e+00 
 7.59000000e-01  1.75915181e+00 
 7.60000000e-01  1.75839016e+00 
 7.61000000e-01  1.75761497e+00 
 7.62000000e-01  1.75682596e+00 
 7.63000000e-01  1.75602286e+00 
 7.64000000e-01  1.75520538e+00 
 7.65000000e-01  1.75437322e+00 
 7.66000000e-01  1.75352610e+00 
 7.67000000e-01  1.75266368e+00 
 7.68000000e-01  1.75178567e+00 
 7.69000000e-01  1.75089171e+00 
 7.70000000e-01  1.74998148e+00 
 7.71000000e-01  1.74905461e+00 
 7.72000000e-01  1.74811074e+00 
 7.73000000e-01  1.74714950e+00 
 7.74000000e-01  1.74617049e+00 
 7.75000000e-01  1.74517332e+00 
 7.76000000e-01  1.74415755e+00 
 7.77000000e-01  1.74312276e+00 
 7.78000000e-01  1.74206849e+00 
 7.79000000e-01  1.74099429e+00 
 7.80000000e-01  1.73989966e+00 
 7.81000000e-01  1.73878410e+00 
 7.82000000e-01  1.73764708e+00 
 7.83000000e-01  1.73648807e+00 
 7.84000000e-01  1.73530648e+00 
 7.85000000e-01  1.73410174e+00 
 7.86000000e-01  1.73287323e+00 
 7.87000000e-01  1.73162029e+00 
 7.88000000e-01  1.73034226e+00 
 7.89000000e-01  1.72903843e+00 
 7.90000000e-01  1.72770808e+00 
 7.91000000e-01  1.72635042e+00 
 7.92000000e-01  1.72496465e+00 
 7.93000000e-01  1.72354992e+00 
 7.94000000e-01  1.72210534e+00 
 7.95000000e-01  1.72062997e+00 
 7.96000000e-01  1.71912284e+00 
 7.97000000e-01  1.71758289e+00 
 7.98000000e-01  1.71600904e+00 
 7.99000000e-01  1.71440013e+00 
 8.00000000e-01  1.71275493e+00 
 8.01000000e-01  1.71107214e+00 
 8.02000000e-01  1.70935040e+00 
 8.03000000e-01  1.70758824e+00 
 8.04000000e-01  1.70578410e+00 
 8.05000000e-01  1.70393634e+00 
 8.06000000e-01  1.70204319e+00 
 8.07000000e-01  1.70010276e+00 
 8.08000000e-01  1.69811304e+00 
 8.09000000e-01  1.69607186e+00 
 8.10000000e-01  1.69397690e+00 
 8.11000000e-01  1.69182565e+00 
 8.12000000e-01  1.68961541e+00 
 8.13000000e-01  1.68734325e+00 
 8.14000000e-01  1.68500602e+00 
 8.15000000e-01  1.68260026e+00 
 8.16000000e-01  1.68012225e+00 
 8.17000000e-01  1.67756788e+00 
 8.18000000e-01  1.67493268e+00 
 8.19000000e-01  1.67221172e+00 
 8.20000000e-01  1.66939959e+00 
 8.21000000e-01  1.66649031e+00 
 8.22000000e-01  1.66347723e+00 
 8.23000000e-01  1.66035298e+00 
 8.24000000e-01  1.65710930e+00 
 8.25000000e-01  1.65373697e+00 
 8.26000000e-01  1.65022561e+00 
 8.27000000e-01  1.64656351e+00 
 8.28000000e-01  1.64273739e+00 
 8.29000000e-01  1.63873220e+00 
 8.30000000e-01  1.63453077e+00 
 8.31000000e-01  1.63011349e+00 
 8.32000000e-01  1.62545798e+00 
 8.33000000e-01  1.62053864e+00 
 8.34000000e-01  1.61532633e+00 
 8.35000000e-01  1.60978805e+00 
 8.36000000e-01  1.60388693e+00 
 8.37000000e-01  1.59758252e+00 
 8.38000000e-01  1.59083186e+00 
 8.39000000e-01  1.58359156e+00 
 8.40000000e-01  1.57582129e+00 
 8.41000000e-01  1.56748861e+00 
 8.42000000e-01  1.55857469e+00 
 8.43000000e-01  1.54907931e+00 
 8.44000000e-01  1.53902340e+00 
 8.45000000e-01  1.52844746e+00 
 8.46000000e-01  1.51740615e+00 
 8.47000000e-01  1.50596093e+00 
 8.48000000e-01  1.49417306e+00 
 8.49000000e-01  1.48209874e+00 
 8.50000000e-01  1.46978661e+00 
 8.51000000e-01  1.45727721e+00 
 8.52000000e-01  1.44460357e+00 
 8.53000000e-01  1.43179230e+00 
 8.54000000e-01  1.41886479e+00 
 8.55000000e-01  1.40583829e+00 
 8.56000000e-01  1.39272681e+00 
 8.57000000e-01  1.37954184e+00 
 8.58000000e-01  1.36629295e+00 
 8.59000000e-01  1.35298818e+00 
 8.60000000e-01  1.33963437e+00 
 8.61000000e-01  1.32623741e+00 
 8.62000000e-01  1.31280247e+00 
 8.63000000e-01  1.29933406e+00 
 8.64000000e-01  1.28583622e+00 
 8.65000000e-01  1.27231257e+00 
 8.66000000e-01  1.25876637e+00 
 8.67000000e-01  1.24520062e+00 
 8.68000000e-01  1.23161802e+00 
 8.69000000e-01  1.21802110e+00 
 8.70000000e-01  1.20441218e+00 
 8.71000000e-01  1.19079342e+00 
 8.72000000e-01  1.17716683e+00 
 8.73000000e-01  1.16353429e+00 
 8.74000000e-01  1.14989758e+00 
 8.75000000e-01  1.13625837e+00 
 8.76000000e-01  1.12261822e+00 
 8.77000000e-01  1.10897863e+00 
 8.78000000e-01  1.09534101e+00 
 8.79000000e-01  1.08170672e+00 
 8.80000000e-01  1.06807702e+00 
 8.81000000e-01  1.05445316e+00 
 8.82000000e-01  1.04083630e+00 
 8.83000000e-01  1.02722758e+00 
 8.84000000e-01  1.01362807e+00 
 8.85000000e-01  1.00003883e+00 
 8.86000000e-01  9.86460870e-01 
 8.87000000e-01  9.72895174e-01 
 8.88000000e-01  9.59342697e-01 
 8.89000000e-01  9.45804369e-01 
 8.90000000e-01  9.32281102e-01 
 8.91000000e-01  9.18773788e-01 
 8.92000000e-01  9.05283305e-01 
 8.93000000e-01  8.91810518e-01 
 8.94000000e-01  8.78356286e-01 
 8.95000000e-01  8.64921458e-01 
 8.96000000e-01  8.51506884e-01 
 8.97000000e-01  8.38113410e-01 
 8.98000000e-01  8.24741887e-01 
 8.99000000e-01  8.11393172e-01 
 9.00000000e-01  7.98068131e-01 
 9.01000000e-01  7.84767642e-01 
 9.02000000e-01  7.71492598e-01 
 9.03000000e-01  7.58243915e-01 
 9.04000000e-01  7.45022528e-01 
 9.05000000e-01  7.31829402e-01 
 9.06000000e-01  7.18665533e-01 
 9.07000000e-01  7.05531954e-01 
 9.08000000e-01  6.92429739e-01 
 9.09000000e-01  6.79360010e-01 
 9.10000000e-01  6.66323941e-01 
 9.11000000e-01  6.53322764e-01 
 9.12000000e-01  6.40357782e-01 
 9.13000000e-01  6.27430367e-01 
 9.14000000e-01  6.14541977e-01 
 9.15000000e-01  6.01694163e-01 
 9.16000000e-01  5.88888577e-01 
 9.17000000e-01  5.76126987e-01 
 9.18000000e-01  5.63411288e-01 
 9.19000000e-01  5.50743518e-01 
 9.20000000e-01  5.38125874e-01 
 9.21000000e-01  5.25560730e-01 
 9.22000000e-01  5.13050658e-01 
 9.23000000e-01  5.00598450e-01 
 9.24000000e-01  4.88207147e-01 
 9.25000000e-01  4.75880065e-01 
 9.26000000e-01  4.63620833e-01 
 9.27000000e-01  4.51433425e-01 
 9.28000000e-01  4.39322210e-01 
 9.29000000e-01  4.27291993e-01 
 9.30000000e-01  4.15348075e-01 
 9.31000000e-01  4.03496312e-01 
 9.32000000e-01  3.91743183e-01 
 9.33000000e-01  3.80095871e-01 
 9.34000000e-01  3.68562341e-01 
 9.35000000e-01  3.57151438e-01 
 9.36000000e-01  3.45872984e-01 
 9.37000000e-01  3.34737884e-01 
 9.38000000e-01  3.23758225e-01 
 9.39000000e-01  3.12947384e-01 
 9.40000000e-01  3.02320106e-01 
 9.41000000e-01  2.91892564e-01 
 9.42000000e-01  2.81682366e-01 
 9.43000000e-01  2.71708492e-01 
 9.44000000e-01  2.61991126e-01 
 9.45000000e-01  2.52551348e-01 
 9.46000000e-01  2.43410656e-01 
 9.47000000e-01  2.34590283e-01 
 9.48000000e-01  2.26110328e-01 
 9.49000000e-01  2.17988706e-01 
 9.50000000e-01  2.10240032e-01 
 9.51000000e-01  2.02874544e-01 
 9.52000000e-01  1.95897244e-01 
 9.53000000e-01  1.89307405e-01 
 9.54000000e-01  1.83098549e-01 
 9.55000000e-01  1.77258907e-01 
 9.56000000e-01  1.71772291e-01 
 9.57000000e-01  1.66619205e-01 
 9.58000000e-01  1.61778048e-01 
 9.59000000e-01  1.57226233e-01 
 9.60000000e-01  1.52941128e-01 
 9.61000000e-01  1.48900772e-01 
 9.62000000e-01  1.45084368e-01 
 9.63000000e-01  1.41472574e-01 
 9.64000000e-01  1.38047642e-01 
 9.65000000e-01  1.34793442e-01 
 9.66000000e-01  1.31695419e-01 
 9.67000000e-01  1.28740489e-01 
 9.68000000e-01  1.25916929e-01 
 9.69000000e-01  1.23214244e-01 
 9.70000000e-01  1.20623040e-01 
 9.71000000e-01  1.18134908e-01 
 9.72000000e-01  1.15742305e-01 
 9.73000000e-01  1.13438459e-01 
 9.74000000e-01  1.11217276e-01 
 9.75000000e-01  1.09073261e-01 
 9.76000000e-01  1.07001445e-01 
 9.77000000e-01  1.04997328e-01 
 9.78000000e-01  1.03056821e-01 
 9.79000000e-01  1.01176202e-01 
 9.80000000e-01  9.93520740e-02 
 9.81000000e-01  9.75813279e-02 
 9.82000000e-01  9.58611134e-02 
 9.83000000e-01  9.41888104e-02 
 9.84000000e-01  9.25620053e-02 
 9.85000000e-01  9.09784699e-02 
 9.86000000e-01  8.94361433e-02 
 9.87000000e-01  8.79331147e-02 
 9.88000000e-01  8.64676101e-02 
 9.89000000e-01  8.50379786e-02 
 9.90000000e-01  8.36426816e-02 
 9.91000000e-01  8.22802824e-02 
 9.92000000e-01  8.09494376e-02 
 9.93000000e-01  7.96488888e-02 
 9.94000000e-01  7.83774555e-02 
 9.95000000e-01  7.71340286e-02 
 9.96000000e-01  7.59175649e-02 
 9.97000000e-01  7.47270815e-02 
 9.98000000e-01  7.35616512e-02 
 9.99000000e-01  7.24203984e-02 
 1.00000000e+00  7.13024953e-02 
 1.00100000e+00  7.02071581e-02 
 1.00200000e+00  6.91336440e-02 
 1.00300000e+00  6.80812484e-02 
 1.00400000e+00  6.70493019e-02 
 1.00500000e+00  6.60371685e-02 
 1.00600000e+00  6.50442428e-02 
 1.00700000e+00  6.40699482e-02 
 1.00800000e+00  6.31137350e-02 
 1.00900000e+00  6.21750790e-02 
 1.01000000e+00  6.12534794e-02 
 1.01100000e+00  6.03484577e-02 
 1.01200000e+00  5.94595562e-02 
 1.01300000e+00  5.85863369e-02 
 1.01400000e+00  5.77283803e-02 
 1.01500000e+00  5.68852842e-02 
 1.01600000e+00  5.60566630e-02 
 1.01700000e+00  5.52421464e-02 
 1.01800000e+00  5.44413790e-02 
 1.01900000e+00  5.36540191e-02 
 1.02000000e+00  5.28797382e-02 
 1.02100000e+00  5.21182202e-02 
 1.02200000e+00  5.13691609e-02 
 1.02300000e+00  5.06322671e-02 
 1.02400000e+00  4.99072564e-02 
 1.02500000e+00  4.91938566e-02 
 1.02600000e+00  4.84918047e-02 
 1.02700000e+00  4.78008473e-02 
 1.02800000e+00  4.71207394e-02 
 1.02900000e+00  4.64512445e-02 
 1.03000000e+00  4.57921338e-02 
 1.03100000e+00  4.51431863e-02 
 1.03200000e+00  4.45041880e-02 
 1.03300000e+00  4.38749318e-02 
 1.03400000e+00  4.32552173e-02 
 1.03500000e+00  4.26448504e-02 
 1.03600000e+00  4.20436428e-02 
 1.03700000e+00  4.14514122e-02 
 1.03800000e+00  4.08679817e-02 
 1.03900000e+00  4.02931797e-02 
 1.04000000e+00  3.97268398e-02 
 1.04100000e+00  3.91688002e-02 
 1.04200000e+00  3.86189040e-02 
 1.04300000e+00  3.80769987e-02 
 1.04400000e+00  3.75429361e-02 
 1.04500000e+00  3.70165722e-02 
 1.04600000e+00  3.64977668e-02 
 1.04700000e+00  3.59863838e-02 
 1.04800000e+00  3.54822905e-02 
 1.04900000e+00  3.49853580e-02 
 1.05000000e+00  3.44954605e-02 
 1.05100000e+00  3.40124758e-02 
 1.05200000e+00  3.35362848e-02 
 1.05300000e+00  3.30667712e-02 
 1.05400000e+00  3.26038219e-02 
 1.05500000e+00  3.21473266e-02 
 1.05600000e+00  3.16971777e-02 
 1.05700000e+00  3.12532703e-02 
 1.05800000e+00  3.08155018e-02 
 1.05900000e+00  3.03837725e-02 
 1.06000000e+00  2.99579847e-02 
 1.06100000e+00  2.95380432e-02 
 1.06200000e+00  2.91238550e-02 
 1.06300000e+00  2.87153292e-02 
 1.06400000e+00  2.83123770e-02 
 1.06500000e+00  2.79149116e-02 
 1.06600000e+00  2.75228482e-02 
 1.06700000e+00  2.71361039e-02 
 1.06800000e+00  2.67545976e-02 
 1.06900000e+00  2.63782499e-02 
 1.07000000e+00  2.60069832e-02 
 1.07100000e+00  2.56407216e-02 
 1.07200000e+00  2.52793906e-02 
 1.07300000e+00  2.49229176e-02 
 1.07400000e+00  2.45712311e-02 
 1.07500000e+00  2.42242615e-02 
 1.07600000e+00  2.38819404e-02 
 1.07700000e+00  2.35442007e-02 
 1.07800000e+00  2.32109768e-02 
 1.07900000e+00  2.28822045e-02 
 1.08000000e+00  2.25578205e-02 
 1.08100000e+00  2.22377630e-02 
 1.08200000e+00  2.19219714e-02 
 1.08300000e+00  2.16103863e-02 
 1.08400000e+00  2.13029491e-02 
 1.08500000e+00  2.09996028e-02 
 1.08600000e+00  2.07002910e-02 
 1.08700000e+00  2.04049586e-02 
 1.08800000e+00  2.01135515e-02 
 1.08900000e+00  1.98260165e-02 
 1.09000000e+00  1.95423014e-02 
 1.09100000e+00  1.92623548e-02 
 1.09200000e+00  1.89861265e-02 
 1.09300000e+00  1.87135669e-02 
 1.09400000e+00  1.84446273e-02 
 1.09500000e+00  1.81792600e-02 
 1.09600000e+00  1.79174180e-02 
 1.09700000e+00  1.76590550e-02 
 1.09800000e+00  1.74041257e-02 
 1.09900000e+00  1.71525853e-02 
 1.10000000e+00  1.69043899e-02 
 1.10100000e+00  1.66594964e-02 
 1.10200000e+00  1.64178621e-02 
 1.10300000e+00  1.61794452e-02 
 1.10400000e+00  1.59442045e-02 
 1.10500000e+00  1.57120995e-02 
 1.10600000e+00  1.54830903e-02 
 1.10700000e+00  1.52571376e-02 
 1.10800000e+00  1.50342027e-02 
 1.10900000e+00  1.48142474e-02 
 1.11000000e+00  1.45972344e-02 
 1.11100000e+00  1.43831265e-02 
 1.11200000e+00  1.41718874e-02 
 1.11300000e+00  1.39634811e-02 
 1.11400000e+00  1.37578724e-02 
 1.11500000e+00  1.35550264e-02 
 1.11600000e+00  1.33549086e-02 
 1.11700000e+00  1.31574852e-02 
 1.11800000e+00  1.29627229e-02 
 1.11900000e+00  1.27705887e-02 
 1.12000000e+00  1.25810501e-02 
 1.12100000e+00  1.23940750e-02 
 1.12200000e+00  1.22096320e-02 
 1.12300000e+00  1.20276898e-02 
 1.12400000e+00  1.18482177e-02 
 1.12500000e+00  1.16711853e-02 
 1.12600000e+00  1.14965626e-02 
 1.12700000e+00  1.13243203e-02 
 1.12800000e+00  1.11544289e-02 
 1.12900000e+00  1.09868599e-02 
 1.13000000e+00  1.08215847e-02 
 1.13100000e+00  1.06585753e-02 
 1.13200000e+00  1.04978040e-02 
 1.13300000e+00  1.03392434e-02 
 1.13400000e+00  1.01828665e-02 
 1.13500000e+00  1.00286466e-02 
 1.13600000e+00  9.87655733e-03 
 1.13700000e+00  9.72657266e-03 
 1.13800000e+00  9.57866685e-03 
 1.13900000e+00  9.43281448e-03 
 1.14000000e+00  9.28899045e-03 
 1.14100000e+00  9.14716992e-03 
 1.14200000e+00  9.00732837e-03 
 1.14300000e+00  8.86944156e-03 
 1.14400000e+00  8.73348553e-03 
 1.14500000e+00  8.59943660e-03 
 1.14600000e+00  8.46727136e-03 
 1.14700000e+00  8.33696667e-03 
 1.14800000e+00  8.20849964e-03 
 1.14900000e+00  8.08184767e-03 
 1.15000000e+00  7.95698838e-03 
 1.15100000e+00  7.83389966e-03 
 1.15200000e+00  7.71255964e-03 
 1.15300000e+00  7.59294670e-03 
 1.15400000e+00  7.47503944e-03 
 1.15500000e+00  7.35881673e-03 
 1.15600000e+00  7.24425763e-03 
 1.15700000e+00  7.13134146e-03 
 1.15800000e+00  7.02004774e-03 
 1.15900000e+00  6.91035625e-03 
 1.16000000e+00  6.80224694e-03 
 1.16100000e+00  6.69570000e-03 
 1.16200000e+00  6.59069585e-03 
 1.16300000e+00  6.48721509e-03 
 1.16400000e+00  6.38523854e-03 
 1.16500000e+00  6.28474721e-03 
 1.16600000e+00  6.18572234e-03 
 1.16700000e+00  6.08814535e-03 
 1.16800000e+00  5.99199785e-03 
 1.16900000e+00  5.89726167e-03 
 1.17000000e+00  5.80391879e-03 
 1.17100000e+00  5.71195143e-03 
 1.17200000e+00  5.62134195e-03 
 1.17300000e+00  5.53207293e-03 
 1.17400000e+00  5.44412711e-03 
 1.17500000e+00  5.35748743e-03 
 1.17600000e+00  5.27213699e-03 
 1.17700000e+00  5.18805908e-03 
 1.17800000e+00  5.10523716e-03 
 1.17900000e+00  5.02365486e-03 
 1.18000000e+00  4.94329599e-03 
 1.18100000e+00  4.86414453e-03 
 1.18200000e+00  4.78618462e-03 
 1.18300000e+00  4.70940056e-03 
 1.18400000e+00  4.63377684e-03 
 1.18500000e+00  4.55929810e-03 
 1.18600000e+00  4.48594912e-03 
 1.18700000e+00  4.41371487e-03 
 1.18800000e+00  4.34258048e-03 
 1.18900000e+00  4.27253121e-03 
 1.19000000e+00  4.20355251e-03 
 1.19100000e+00  4.13562995e-03 
 1.19200000e+00  4.06874928e-03 
 1.19300000e+00  4.00289639e-03 
 1.19400000e+00  3.93805732e-03 
 1.19500000e+00  3.87421827e-03 
 1.19600000e+00  3.81136557e-03 
 1.19700000e+00  3.74948573e-03 
 1.19800000e+00  3.68856537e-03 
 1.19900000e+00  3.62859126e-03 
 1.20000000e+00  3.56955035e-03 
 1.20100000e+00  3.51142968e-03 
 1.20200000e+00  3.45421647e-03 
 1.20300000e+00  3.39789807e-03 
 1.20400000e+00  3.34246197e-03 
 1.20500000e+00  3.28789579e-03 
 1.20600000e+00  3.23418729e-03 
 1.20700000e+00  3.18132437e-03 
 1.20800000e+00  3.12929508e-03 
 1.20900000e+00  3.07808758e-03 
 1.21000000e+00  3.02769017e-03 
 1.21100000e+00  2.97809129e-03 
 1.21200000e+00  2.92927950e-03 
 1.21300000e+00  2.88124352e-03 
 1.21400000e+00  2.83397215e-03 
 1.21500000e+00  2.78745437e-03 
 1.21600000e+00  2.74167924e-03 
 1.21700000e+00  2.69663600e-03 
 1.21800000e+00  2.65231396e-03 
 1.21900000e+00  2.60870260e-03 
 1.22000000e+00  2.56579151e-03 
 1.22100000e+00  2.52357038e-03 
 1.22200000e+00  2.48202906e-03 
 1.22300000e+00  2.44115750e-03 
 1.22400000e+00  2.40094577e-03 
 1.22500000e+00  2.36138407e-03 
 1.22600000e+00  2.32246271e-03 
 1.22700000e+00  2.28417213e-03 
 1.22800000e+00  2.24650287e-03 
 1.22900000e+00  2.20944559e-03 
 1.23000000e+00  2.17299108e-03 
 1.23100000e+00  2.13713023e-03 
 1.23200000e+00  2.10185405e-03 
 1.23300000e+00  2.06715367e-03 
 1.23400000e+00  2.03302031e-03 
 1.23500000e+00  1.99944532e-03 
 1.23600000e+00  1.96642016e-03 
 1.23700000e+00  1.93393639e-03 
 1.23800000e+00  1.90198568e-03 
 1.23900000e+00  1.87055981e-03 
 1.24000000e+00  1.83965067e-03 
 1.24100000e+00  1.80925026e-03 
 1.24200000e+00  1.77935066e-03 
 1.24300000e+00  1.74994408e-03 
 1.24400000e+00  1.72102283e-03 
 1.24500000e+00  1.69257932e-03 
 1.24600000e+00  1.66460604e-03 
 1.24700000e+00  1.63709562e-03 
 1.24800000e+00  1.61004076e-03 
 1.24900000e+00  1.58343426e-03 
 1.25000000e+00  1.55726904e-03 
 1.25100000e+00  1.53153810e-03 
 1.25200000e+00  1.50623453e-03 
 1.25300000e+00  1.48135154e-03 
 1.25400000e+00  1.45688240e-03 
 1.25500000e+00  1.43282050e-03 
 1.25600000e+00  1.40915931e-03 
 1.25700000e+00  1.38589241e-03 
 1.25800000e+00  1.36301344e-03 
 1.25900000e+00  1.34051616e-03 
 1.26000000e+00  1.31839440e-03 
 1.26100000e+00  1.29664209e-03 
 1.26200000e+00  1.27525323e-03 
 1.26300000e+00  1.25422192e-03 
 1.26400000e+00  1.23354236e-03 
 1.26500000e+00  1.21320879e-03 
 1.26600000e+00  1.19321559e-03 
 1.26700000e+00  1.17355717e-03 
 1.26800000e+00  1.15422806e-03 
 1.26900000e+00  1.13522285e-03 
 1.27000000e+00  1.11653623e-03 
 1.27100000e+00  1.09816294e-03 
 1.27200000e+00  1.08009782e-03 
 1.27300000e+00  1.06233578e-03 
 1.27400000e+00  1.04487182e-03 
 1.27500000e+00  1.02770100e-03 
 1.27600000e+00  1.01081845e-03 
 1.27700000e+00  9.94219392e-04 
 1.27800000e+00  9.77899112e-04 
 1.27900000e+00  9.61852967e-04 
 1.28000000e+00  9.46076387e-04 
 1.28100000e+00  9.30564875e-04 
 1.28200000e+00  9.15313999e-04 
 1.28300000e+00  9.00319399e-04 
 1.28400000e+00  8.85576782e-04 
 1.28500000e+00  8.71081922e-04 
 1.28600000e+00  8.56830661e-04 
 1.28700000e+00  8.42818903e-04 
 1.28800000e+00  8.29042620e-04 
 1.28900000e+00  8.15497846e-04 
 1.29000000e+00  8.02180679e-04 
 1.29100000e+00  7.89087277e-04 
 1.29200000e+00  7.76213862e-04 
 1.29300000e+00  7.63556716e-04 
 1.29400000e+00  7.51112178e-04 
 1.29500000e+00  7.38876649e-04 
 1.29600000e+00  7.26846588e-04 
 1.29700000e+00  7.15018509e-04 
 1.29800000e+00  7.03388984e-04 
 1.29900000e+00  6.91954642e-04 
 1.30000000e+00  6.80712165e-04 
 1.30100000e+00  6.69658290e-04 
 1.30200000e+00  6.58789808e-04 
 1.30300000e+00  6.48103561e-04 
 1.30400000e+00  6.37596445e-04 
 1.30500000e+00  6.27265406e-04 
 1.30600000e+00  6.17107441e-04 
 1.30700000e+00  6.07119596e-04 
 1.30800000e+00  5.97298968e-04 
 1.30900000e+00  5.87642700e-04 
 1.31000000e+00  5.78147985e-04 
 1.31100000e+00  5.68812060e-04 
 1.31200000e+00  5.59632210e-04 
 1.31300000e+00  5.50605765e-04 
 1.31400000e+00  5.41730102e-04 
 1.31500000e+00  5.33002639e-04 
 1.31600000e+00  5.24420839e-04 
 1.31700000e+00  5.15982207e-04 
 1.31800000e+00  5.07684293e-04 
 1.31900000e+00  4.99524684e-04 
 1.32000000e+00  4.91501012e-04 
 1.32100000e+00  4.83610947e-04 
 1.32200000e+00  4.75852200e-04 
 1.32300000e+00  4.68222520e-04 
 1.32400000e+00  4.60719694e-04 
 1.32500000e+00  4.53341548e-04 
 1.32600000e+00  4.46085946e-04 
 1.32700000e+00  4.38950786e-04 
 1.32800000e+00  4.31934004e-04 
 1.32900000e+00  4.25033570e-04 
 1.33000000e+00  4.18247492e-04 
 1.33100000e+00  4.11573808e-04 
 1.33200000e+00  4.05010593e-04 
 1.33300000e+00  3.98555954e-04 
 1.33400000e+00  3.92208031e-04 
 1.33500000e+00  3.85964996e-04 
 1.33600000e+00  3.79825052e-04 
 1.33700000e+00  3.73786436e-04 
 1.33800000e+00  3.67847411e-04 
 1.33900000e+00  3.62006273e-04 
 1.34000000e+00  3.56261348e-04 
 1.34100000e+00  3.50610990e-04 
 1.34200000e+00  3.45053581e-04 
 1.34300000e+00  3.39587533e-04 
 1.34400000e+00  3.34211284e-04 
 1.34500000e+00  3.28923300e-04 
 1.34600000e+00  3.23722074e-04 
 1.34700000e+00  3.18606124e-04 
 1.34800000e+00  3.13573995e-04 
 1.34900000e+00  3.08624258e-04 
 1.35000000e+00  3.03755507e-04 
 1.35100000e+00  2.98966362e-04 
 1.35200000e+00  2.94255468e-04 
 1.35300000e+00  2.89621491e-04 
 1.35400000e+00  2.85063122e-04 
 1.35500000e+00  2.80579075e-04 
 1.35600000e+00  2.76168087e-04 
 1.35700000e+00  2.71828915e-04 
 1.35800000e+00  2.67560340e-04 
 1.35900000e+00  2.63361164e-04 
 1.36000000e+00  2.59230208e-04 
 1.36100000e+00  2.55166316e-04 
 1.36200000e+00  2.51168352e-04 
 1.36300000e+00  2.47235198e-04 
 1.36400000e+00  2.43365758e-04 
 1.36500000e+00  2.39558953e-04 
 1.36600000e+00  2.35813725e-04 
 1.36700000e+00  2.32129034e-04 
 1.36800000e+00  2.28503856e-04 
 1.36900000e+00  2.24937187e-04 
 1.37000000e+00  2.21428042e-04 
 1.37100000e+00  2.17975450e-04 
 1.37200000e+00  2.14578459e-04 
 1.37300000e+00  2.11236134e-04 
 1.37400000e+00  2.07947554e-04 
 1.37500000e+00  2.04711817e-04 
 1.37600000e+00  2.01528035e-04 
 1.37700000e+00  1.98395336e-04 
 1.37800000e+00  1.95312864e-04 
 1.37900000e+00  1.92279776e-04 
 1.38000000e+00  1.89295247e-04 
 1.38100000e+00  1.86358462e-04 
 1.38200000e+00  1.83468624e-04 
 1.38300000e+00  1.80624948e-04 
 1.38400000e+00  1.77826664e-04 
 1.38500000e+00  1.75073015e-04 
 1.38600000e+00  1.72363255e-04 
 1.38700000e+00  1.69696655e-04 
 1.38800000e+00  1.67072495e-04 
 1.38900000e+00  1.64490071e-04 
 1.39000000e+00  1.61948688e-04 
 1.39100000e+00  1.59447665e-04 
 1.39200000e+00  1.56986332e-04 
 1.39300000e+00  1.54564031e-04 
 1.39400000e+00  1.52180115e-04 
 1.39500000e+00  1.49833950e-04 
 1.39600000e+00  1.47524911e-04 
 1.39700000e+00  1.45252385e-04 
 1.39800000e+00  1.43015768e-04 
 1.39900000e+00  1.40814468e-04 
 1.40000000e+00  1.38647903e-04 
 1.40100000e+00  1.36515500e-04 
 1.40200000e+00  1.34416699e-04 
 1.40300000e+00  1.32350945e-04 
 1.40400000e+00  1.30317696e-04 
 1.40500000e+00  1.28316419e-04 
 1.40600000e+00  1.26346589e-04 
 1.40700000e+00  1.24407691e-04 
 1.40800000e+00  1.22499218e-04 
 1.40900000e+00  1.20620672e-04 
 1.41000000e+00  1.18771564e-04 
 1.41100000e+00  1.16951414e-04 
 1.41200000e+00  1.15159748e-04 
 1.41300000e+00  1.13396102e-04 
 1.41400000e+00  1.11660021e-04 
 1.41500000e+00  1.09951054e-04 
 1.41600000e+00  1.08268761e-04 
 1.41700000e+00  1.06612708e-04 
 1.41800000e+00  1.04982470e-04 
 1.41900000e+00  1.03377627e-04 
 1.42000000e+00  1.01797768e-04 
 1.42100000e+00  1.00242488e-04 
 1.42200000e+00  9.87113899e-05 
 1.42300000e+00  9.72040817e-05 
 1.42400000e+00  9.57201796e-05 
 1.42500000e+00  9.42593056e-05 
 1.42600000e+00  9.28210882e-05 
 1.42700000e+00  9.14051624e-05 
 1.42800000e+00  9.00111691e-05 
 1.42900000e+00  8.86387556e-05 
 1.43000000e+00  8.72875748e-05 
 1.43100000e+00  8.59572857e-05 
 1.43200000e+00  8.46475530e-05 
 1.43300000e+00  8.33580471e-05 
 1.43400000e+00  8.20884438e-05 
 1.43500000e+00  8.08384245e-05 
 1.43600000e+00  7.96076759e-05 
 1.43700000e+00  7.83958900e-05 
 1.43800000e+00  7.72027640e-05 
 1.43900000e+00  7.60279999e-05 
 1.44000000e+00  7.48713052e-05 
 1.44100000e+00  7.37323918e-05 
 1.44200000e+00  7.26109767e-05 
 1.44300000e+00  7.15067815e-05 
 1.44400000e+00  7.04195326e-05 
 1.44500000e+00  6.93489609e-05 
 1.44600000e+00  6.82948015e-05 
 1.44700000e+00  6.72567945e-05 
 1.44800000e+00  6.62346837e-05 
 1.44900000e+00  6.52282175e-05 
 1.45000000e+00  6.42371485e-05 
 1.45100000e+00  6.32612333e-05 
 1.45200000e+00  6.23002325e-05 
 1.45300000e+00  6.13539108e-05 
 1.45400000e+00  6.04220365e-05 
 1.45500000e+00  5.95043822e-05 
 1.45600000e+00  5.86007238e-05 
 1.45700000e+00  5.77108411e-05 
 1.45800000e+00  5.68345176e-05 
 1.45900000e+00  5.59715402e-05 
 1.46000000e+00  5.51216994e-05 
 1.46100000e+00  5.42847891e-05 
 1.46200000e+00  5.34606067e-05 
 1.46300000e+00  5.26489528e-05 
 1.46400000e+00  5.18496312e-05 
 1.46500000e+00  5.10624491e-05 
 1.46600000e+00  5.02872168e-05 
 1.46700000e+00  4.95237475e-05 
 1.46800000e+00  4.87718578e-05 
 1.46900000e+00  4.80313671e-05 
 1.47000000e+00  4.73020976e-05 
 1.47100000e+00  4.65838747e-05 
 1.47200000e+00  4.58765264e-05 
 1.47300000e+00  4.51798836e-05 
 1.47400000e+00  4.44937800e-05 
 1.47500000e+00  4.38180519e-05 
 1.47600000e+00  4.31525382e-05 
 1.47700000e+00  4.24970806e-05 
 1.47800000e+00  4.18515233e-05 
 1.47900000e+00  4.12157128e-05 
 1.48000000e+00  4.05894984e-05 
 1.48100000e+00  3.99727316e-05 
 1.48200000e+00  3.93652665e-05 
 1.48300000e+00  3.87669594e-05 
 1.48400000e+00  3.81776689e-05 
 1.48500000e+00  3.75972559e-05 
 1.48600000e+00  3.70255837e-05 
 1.48700000e+00  3.64625176e-05 
 1.48800000e+00  3.59079250e-05 
 1.48900000e+00  3.53616758e-05 
 1.49000000e+00  3.48236415e-05 
 1.49100000e+00  3.42936959e-05 
 1.49200000e+00  3.37717150e-05 
 1.49300000e+00  3.32575764e-05 
 1.49400000e+00  3.27511600e-05 
 1.49500000e+00  3.22523473e-05 
 1.49600000e+00  3.17610220e-05 
 1.49700000e+00  3.12770694e-05 
 1.49800000e+00  3.08003768e-05 
 1.49900000e+00  3.03308332e-05 
 1.50000000e+00  2.98683294e-05 
 1.50100000e+00  2.94127579e-05 
 1.50200000e+00  2.89640129e-05 
 1.50300000e+00  2.85219903e-05 
 1.50400000e+00  2.80865878e-05 
 1.50500000e+00  2.76577044e-05 
 1.50600000e+00  2.72352410e-05 
 1.50700000e+00  2.68190999e-05 
 1.50800000e+00  2.64091849e-05 
 1.50900000e+00  2.60054016e-05 
 1.51000000e+00  2.56076567e-05 
 1.51100000e+00  2.52158586e-05 
 1.51200000e+00  2.48299172e-05 
 1.51300000e+00  2.44497437e-05 
 1.51400000e+00  2.40752507e-05 
 1.51500000e+00  2.37063521e-05 
 1.51600000e+00  2.33429634e-05 
 1.51700000e+00  2.29850012e-05 
 1.51800000e+00  2.26323835e-05 
 1.51900000e+00  2.22850296e-05 
 1.52000000e+00  2.19428599e-05 
 1.52100000e+00  2.16057964e-05 
 1.52200000e+00  2.12737619e-05 
 1.52300000e+00  2.09466807e-05 
 1.52400000e+00  2.06244781e-05 
 1.52500000e+00  2.03070808e-05 
 1.52600000e+00  1.99944164e-05 
 1.52700000e+00  1.96864137e-05 
 1.52800000e+00  1.93830028e-05 
 1.52900000e+00  1.90841145e-05 
 1.53000000e+00  1.87896811e-05 
 1.53100000e+00  1.84996356e-05 
 1.53200000e+00  1.82139122e-05 
 1.53300000e+00  1.79324463e-05 
 1.53400000e+00  1.76551739e-05 
 1.53500000e+00  1.73820324e-05 
 1.53600000e+00  1.71129598e-05 
 1.53700000e+00  1.68478954e-05 
 1.53800000e+00  1.65867792e-05 
 1.53900000e+00  1.63295522e-05 
 1.54000000e+00  1.60761564e-05 
 1.54100000e+00  1.58265346e-05 
 1.54200000e+00  1.55806304e-05 
 1.54300000e+00  1.53383885e-05 
 1.54400000e+00  1.50997543e-05 
 1.54500000e+00  1.48646740e-05 
 1.54600000e+00  1.46330948e-05 
 1.54700000e+00  1.44049645e-05 
 1.54800000e+00  1.41802319e-05 
 1.54900000e+00  1.39588464e-05 
 1.55000000e+00  1.37407585e-05 
 1.55100000e+00  1.35259190e-05 
 1.55200000e+00  1.33142798e-05 
 1.55300000e+00  1.31057934e-05 
 1.55400000e+00  1.29004131e-05 
 1.55500000e+00  1.26980929e-05 
 1.55600000e+00  1.24987874e-05 
 1.55700000e+00  1.23024521e-05 
 1.55800000e+00  1.21090429e-05 
 1.55900000e+00  1.19185166e-05 
 1.56000000e+00  1.17308307e-05 
 1.56100000e+00  1.15459431e-05 
 1.56200000e+00  1.13638125e-05 
 1.56300000e+00  1.11843983e-05 
 1.56400000e+00  1.10076603e-05 
 1.56500000e+00  1.08335592e-05 
 1.56600000e+00  1.06620561e-05 
 1.56700000e+00  1.04931127e-05 
 1.56800000e+00  1.03266913e-05 
 1.56900000e+00  1.01627548e-05 
 1.57000000e+00  1.00012668e-05 
 1.57100000e+00  9.84219108e-06 
 1.57200000e+00  9.68549235e-06 
 1.57300000e+00  9.53113568e-06 
 1.57400000e+00  9.37908668e-06 
 1.57500000e+00  9.22931150e-06 
 1.57600000e+00  9.08177680e-06 
 1.57700000e+00  8.93644975e-06 
 1.57800000e+00  8.79329800e-06 
 1.57900000e+00  8.65228970e-06 
 1.58000000e+00  8.51339348e-06 
 1.58100000e+00  8.37657845e-06 
 1.58200000e+00  8.24181417e-06 
 1.58300000e+00  8.10907068e-06 
 1.58400000e+00  7.97831845e-06 
 1.58500000e+00  7.84952841e-06 
 1.58600000e+00  7.72267193e-06 
 1.58700000e+00  7.59772079e-06 
 1.58800000e+00  7.47464721e-06 
 1.58900000e+00  7.35342384e-06 
 1.59000000e+00  7.23402371e-06 
 1.59100000e+00  7.11642027e-06 
 1.59200000e+00  7.00058738e-06 
 1.59300000e+00  6.88649928e-06 
 1.59400000e+00  6.77413058e-06 
 1.59500000e+00  6.66345630e-06 
 1.59600000e+00  6.55445181e-06 
 1.59700000e+00  6.44709287e-06 
 1.59800000e+00  6.34135558e-06 
 1.59900000e+00  6.23721641e-06 
 1.60000000e+00  6.13465217e-06 
 1.60100000e+00  6.03364003e-06 
 1.60200000e+00  5.93415749e-06 
 1.60300000e+00  5.83618239e-06 
 1.60400000e+00  5.73969288e-06 
 1.60500000e+00  5.64466748e-06 
 1.60600000e+00  5.55108497e-06 
 1.60700000e+00  5.45892450e-06 
 1.60800000e+00  5.36816548e-06 
 1.60900000e+00  5.27878767e-06 
 1.61000000e+00  5.19077109e-06 
 1.61100000e+00  5.10409608e-06 
 1.61200000e+00  5.01874326e-06 
 1.61300000e+00  4.93469355e-06 
 1.61400000e+00  4.85192813e-06 
 1.61500000e+00  4.77042847e-06 
 1.61600000e+00  4.69017631e-06 
 1.61700000e+00  4.61115366e-06 
 1.61800000e+00  4.53334279e-06 
 1.61900000e+00  4.45672624e-06 
 1.62000000e+00  4.38128679e-06 
 1.62100000e+00  4.30700748e-06 
 1.62200000e+00  4.23387161e-06 
 1.62300000e+00  4.16186270e-06 
 1.62400000e+00  4.09096453e-06 
 1.62500000e+00  4.02116111e-06 
 1.62600000e+00  3.95243669e-06 
 1.62700000e+00  3.88477573e-06 
 1.62800000e+00  3.81816293e-06 
 1.62900000e+00  3.75258322e-06 
 1.63000000e+00  3.68802173e-06 
 1.63100000e+00  3.62446381e-06 
 1.63200000e+00  3.56189503e-06 
 1.63300000e+00  3.50030117e-06 
 1.63400000e+00  3.43966820e-06 
 1.63500000e+00  3.37998231e-06 
 1.63600000e+00  3.32122987e-06 
 1.63700000e+00  3.26339746e-06 
 1.63800000e+00  3.20647186e-06 
 1.63900000e+00  3.15044002e-06 
 1.64000000e+00  3.09528908e-06 
 1.64100000e+00  3.04100637e-06 
 1.64200000e+00  2.98757941e-06 
 1.64300000e+00  2.93499588e-06 
 1.64400000e+00  2.88324365e-06 
 1.64500000e+00  2.83231075e-06 
 1.64600000e+00  2.78218539e-06 
 1.64700000e+00  2.73285594e-06 
 1.64800000e+00  2.68431094e-06 
 1.64900000e+00  2.63653908e-06 
 1.65000000e+00  2.58952924e-06 
 1.65100000e+00  2.54327042e-06 
 1.65200000e+00  2.49775180e-06 
 1.65300000e+00  2.45296269e-06 
 1.65400000e+00  2.40889258e-06 
 1.65500000e+00  2.36553108e-06 
 1.65600000e+00  2.32286796e-06 
 1.65700000e+00  2.28089313e-06 
 1.65800000e+00  2.23959664e-06 
 1.65900000e+00  2.19896867e-06 
 1.66000000e+00  2.15899955e-06 
 1.66100000e+00  2.11967975e-06 
 1.66200000e+00  2.08099984e-06 
 1.66300000e+00  2.04295055e-06 
 1.66400000e+00  2.00552274e-06 
 1.66500000e+00  1.96870737e-06 
 1.66600000e+00  1.93249555e-06 
 1.66700000e+00  1.89687850e-06 
 1.66800000e+00  1.86184757e-06 
 1.66900000e+00  1.82739420e-06 
 1.67000000e+00  1.79351000e-06 
 1.67100000e+00  1.76018663e-06 
 1.67200000e+00  1.72741593e-06 
 1.67300000e+00  1.69518979e-06 
 1.67400000e+00  1.66350026e-06 
 1.67500000e+00  1.63233947e-06 
 1.67600000e+00  1.60169966e-06 
 1.67700000e+00  1.57157318e-06 
 1.67800000e+00  1.54195249e-06 
 1.67900000e+00  1.51283013e-06 
 1.68000000e+00  1.48419877e-06 
 1.68100000e+00  1.45605115e-06 
 1.68200000e+00  1.42838013e-06 
 1.68300000e+00  1.40117866e-06 
 1.68400000e+00  1.37443977e-06 
 1.68500000e+00  1.34815661e-06 
 1.68600000e+00  1.32232239e-06 
 1.68700000e+00  1.29693044e-06 
 1.68800000e+00  1.27197417e-06 
 1.68900000e+00  1.24744706e-06 
 1.69000000e+00  1.22334270e-06 
 1.69100000e+00  1.19965476e-06 
 1.69200000e+00  1.17637699e-06 
 1.69300000e+00  1.15350322e-06 
 1.69400000e+00  1.13102737e-06 
 1.69500000e+00  1.10894344e-06 
 1.69600000e+00  1.08724549e-06 
 1.69700000e+00  1.06592770e-06 
 1.69800000e+00  1.04498428e-06 
 1.69900000e+00  1.02440956e-06 
 1.70000000e+00  1.00419791e-06 
 1.70100000e+00  9.84343785e-07 
 1.70200000e+00  9.64841726e-07 
 1.70300000e+00  9.45686333e-07 
 1.70400000e+00  9.26872282e-07 
 1.70500000e+00  9.08394319e-07 
 1.70600000e+00  8.90247258e-07 
 1.70700000e+00  8.72425982e-07 
 1.70800000e+00  8.54925442e-07 
 1.70900000e+00  8.37740656e-07 
 1.71000000e+00  8.20866708e-07 
 1.71100000e+00  8.04298745e-07 
 1.71200000e+00  7.88031980e-07 
 1.71300000e+00  7.72061690e-07 
 1.71400000e+00  7.56383212e-07 
 1.71500000e+00  7.40991947e-07 
 1.71600000e+00  7.25883356e-07 
 1.71700000e+00  7.11052959e-07 
 1.71800000e+00  6.96496338e-07 
 1.71900000e+00  6.82209132e-07 
 1.72000000e+00  6.68187038e-07 
 1.72100000e+00  6.54425811e-07 
 1.72200000e+00  6.40921262e-07 
 1.72300000e+00  6.27669258e-07 
 1.72400000e+00  6.14665721e-07 
 1.72500000e+00  6.01906629e-07 
 1.72600000e+00  5.89388011e-07 
 1.72700000e+00  5.77105953e-07 
 1.72800000e+00  5.65056591e-07 
 1.72900000e+00  5.53236113e-07 
 1.73000000e+00  5.41640760e-07 
 1.73100000e+00  5.30266822e-07 
 1.73200000e+00  5.19110642e-07 
 1.73300000e+00  5.08168609e-07 
 1.73400000e+00  4.97437165e-07 
 1.73500000e+00  4.86912798e-07 
 1.73600000e+00  4.76592043e-07 
 1.73700000e+00  4.66471486e-07 
 1.73800000e+00  4.56547758e-07 
 1.73900000e+00  4.46817535e-07 
 1.74000000e+00  4.37277541e-07 
 1.74100000e+00  4.27924545e-07 
 1.74200000e+00  4.18755360e-07 
 1.74300000e+00  4.09766845e-07 
 1.74400000e+00  4.00955901e-07 
 1.74500000e+00  3.92319473e-07 
 1.74600000e+00  3.83854550e-07 
 1.74700000e+00  3.75558162e-07 
 1.74800000e+00  3.67427382e-07 
 1.74900000e+00  3.59459325e-07 
 1.75000000e+00  3.51651145e-07 
 1.75100000e+00  3.44000038e-07 
 1.75200000e+00  3.36503241e-07 
 1.75300000e+00  3.29158030e-07 
 1.75400000e+00  3.21961720e-07 
 1.75500000e+00  3.14911666e-07 
 1.75600000e+00  3.08005259e-07 
 1.75700000e+00  3.01239931e-07 
 1.75800000e+00  2.94613150e-07 
 1.75900000e+00  2.88122423e-07 
 1.76000000e+00  2.81765291e-07 
 1.76100000e+00  2.75539334e-07 
 1.76200000e+00  2.69442167e-07 
 1.76300000e+00  2.63471440e-07 
 1.76400000e+00  2.57624840e-07 
 1.76500000e+00  2.51900087e-07 
 1.76600000e+00  2.46294938e-07 
 1.76700000e+00  2.40807181e-07 
 1.76800000e+00  2.35434640e-07 
 1.76900000e+00  2.30175171e-07 
 1.77000000e+00  2.25026664e-07 
 1.77100000e+00  2.19987042e-07 
 1.77200000e+00  2.15054258e-07 
 1.77300000e+00  2.10226300e-07 
 1.77400000e+00  2.05501185e-07 
 1.77500000e+00  2.00876963e-07 
 1.77600000e+00  1.96351713e-07 
 1.77700000e+00  1.91923546e-07 
 1.77800000e+00  1.87590602e-07 
 1.77900000e+00  1.83351053e-07 
 1.78000000e+00  1.79203096e-07 
 1.78100000e+00  1.75144962e-07 
 1.78200000e+00  1.71174908e-07 
 1.78300000e+00  1.67291220e-07 
 1.78400000e+00  1.63492211e-07 
 1.78500000e+00  1.59776225e-07 
 1.78600000e+00  1.56141629e-07 
 1.78700000e+00  1.52586820e-07 
 1.78800000e+00  1.49110221e-07 
 1.78900000e+00  1.45710280e-07 
 1.79000000e+00  1.42385475e-07 
 1.79100000e+00  1.39134305e-07 
 1.79200000e+00  1.35955297e-07 
 1.79300000e+00  1.32847003e-07 
 1.79400000e+00  1.29808000e-07 
 1.79500000e+00  1.26836887e-07 
 1.79600000e+00  1.23932291e-07 
 1.79700000e+00  1.21092860e-07 
 1.79800000e+00  1.18317267e-07 
 1.79900000e+00  1.15604207e-07 
 1.80000000e+00  1.12952399e-07 
