 0.00000000e+00  1.80000000e+00 
 1.00000000e-03  1.80000000e+00 
 2.00000000e-03  1.80000000e+00 
 3.00000000e-03  1.80000000e+00 
 4.00000000e-03  1.80000000e+00 
 5.00000000e-03  1.80000000e+00 
 6.00000000e-03  1.80000000e+00 
 7.00000000e-03  1.80000000e+00 
 8.00000000e-03  1.80000000e+00 
 9.00000000e-03  1.80000000e+00 
 1.00000000e-02  1.80000000e+00 
 1.10000000e-02  1.80000000e+00 
 1.20000000e-02  1.80000000e+00 
 1.30000000e-02  1.80000000e+00 
 1.40000000e-02  1.80000000e+00 
 1.50000000e-02  1.80000000e+00 
 1.60000000e-02  1.80000000e+00 
 1.70000000e-02  1.80000000e+00 
 1.80000000e-02  1.80000000e+00 
 1.90000000e-02  1.80000000e+00 
 2.00000000e-02  1.80000000e+00 
 2.10000000e-02  1.80000000e+00 
 2.20000000e-02  1.80000000e+00 
 2.30000000e-02  1.80000000e+00 
 2.40000000e-02  1.80000000e+00 
 2.50000000e-02  1.80000000e+00 
 2.60000000e-02  1.80000000e+00 
 2.70000000e-02  1.80000000e+00 
 2.80000000e-02  1.80000000e+00 
 2.90000000e-02  1.80000000e+00 
 3.00000000e-02  1.80000000e+00 
 3.10000000e-02  1.80000000e+00 
 3.20000000e-02  1.80000000e+00 
 3.30000000e-02  1.80000000e+00 
 3.40000000e-02  1.80000000e+00 
 3.50000000e-02  1.80000000e+00 
 3.60000000e-02  1.80000000e+00 
 3.70000000e-02  1.80000000e+00 
 3.80000000e-02  1.80000000e+00 
 3.90000000e-02  1.80000000e+00 
 4.00000000e-02  1.80000000e+00 
 4.10000000e-02  1.80000000e+00 
 4.20000000e-02  1.80000000e+00 
 4.30000000e-02  1.80000000e+00 
 4.40000000e-02  1.80000000e+00 
 4.50000000e-02  1.80000000e+00 
 4.60000000e-02  1.80000000e+00 
 4.70000000e-02  1.80000000e+00 
 4.80000000e-02  1.80000000e+00 
 4.90000000e-02  1.80000000e+00 
 5.00000000e-02  1.80000000e+00 
 5.10000000e-02  1.80000000e+00 
 5.20000000e-02  1.80000000e+00 
 5.30000000e-02  1.80000000e+00 
 5.40000000e-02  1.80000000e+00 
 5.50000000e-02  1.80000000e+00 
 5.60000000e-02  1.80000000e+00 
 5.70000000e-02  1.80000000e+00 
 5.80000000e-02  1.80000000e+00 
 5.90000000e-02  1.80000000e+00 
 6.00000000e-02  1.80000000e+00 
 6.10000000e-02  1.80000000e+00 
 6.20000000e-02  1.80000000e+00 
 6.30000000e-02  1.80000000e+00 
 6.40000000e-02  1.80000000e+00 
 6.50000000e-02  1.80000000e+00 
 6.60000000e-02  1.80000000e+00 
 6.70000000e-02  1.80000000e+00 
 6.80000000e-02  1.80000000e+00 
 6.90000000e-02  1.80000000e+00 
 7.00000000e-02  1.80000000e+00 
 7.10000000e-02  1.80000000e+00 
 7.20000000e-02  1.80000000e+00 
 7.30000000e-02  1.80000000e+00 
 7.40000000e-02  1.80000000e+00 
 7.50000000e-02  1.80000000e+00 
 7.60000000e-02  1.80000000e+00 
 7.70000000e-02  1.80000000e+00 
 7.80000000e-02  1.80000000e+00 
 7.90000000e-02  1.80000000e+00 
 8.00000000e-02  1.80000000e+00 
 8.10000000e-02  1.80000000e+00 
 8.20000000e-02  1.80000000e+00 
 8.30000000e-02  1.80000000e+00 
 8.40000000e-02  1.80000000e+00 
 8.50000000e-02  1.80000000e+00 
 8.60000000e-02  1.80000000e+00 
 8.70000000e-02  1.80000000e+00 
 8.80000000e-02  1.80000000e+00 
 8.90000000e-02  1.80000000e+00 
 9.00000000e-02  1.80000000e+00 
 9.10000000e-02  1.80000000e+00 
 9.20000000e-02  1.80000000e+00 
 9.30000000e-02  1.80000000e+00 
 9.40000000e-02  1.80000000e+00 
 9.50000000e-02  1.80000000e+00 
 9.60000000e-02  1.80000000e+00 
 9.70000000e-02  1.80000000e+00 
 9.80000000e-02  1.80000000e+00 
 9.90000000e-02  1.80000000e+00 
 1.00000000e-01  1.80000000e+00 
 1.01000000e-01  1.80000000e+00 
 1.02000000e-01  1.80000000e+00 
 1.03000000e-01  1.80000000e+00 
 1.04000000e-01  1.80000000e+00 
 1.05000000e-01  1.80000000e+00 
 1.06000000e-01  1.80000000e+00 
 1.07000000e-01  1.80000000e+00 
 1.08000000e-01  1.80000000e+00 
 1.09000000e-01  1.80000000e+00 
 1.10000000e-01  1.80000000e+00 
 1.11000000e-01  1.80000000e+00 
 1.12000000e-01  1.80000000e+00 
 1.13000000e-01  1.80000000e+00 
 1.14000000e-01  1.80000000e+00 
 1.15000000e-01  1.80000000e+00 
 1.16000000e-01  1.80000000e+00 
 1.17000000e-01  1.80000000e+00 
 1.18000000e-01  1.80000000e+00 
 1.19000000e-01  1.80000000e+00 
 1.20000000e-01  1.79999999e+00 
 1.21000000e-01  1.79999999e+00 
 1.22000000e-01  1.79999999e+00 
 1.23000000e-01  1.79999999e+00 
 1.24000000e-01  1.79999999e+00 
 1.25000000e-01  1.79999999e+00 
 1.26000000e-01  1.79999999e+00 
 1.27000000e-01  1.79999999e+00 
 1.28000000e-01  1.79999999e+00 
 1.29000000e-01  1.79999999e+00 
 1.30000000e-01  1.79999999e+00 
 1.31000000e-01  1.79999999e+00 
 1.32000000e-01  1.79999999e+00 
 1.33000000e-01  1.79999999e+00 
 1.34000000e-01  1.79999999e+00 
 1.35000000e-01  1.79999999e+00 
 1.36000000e-01  1.79999999e+00 
 1.37000000e-01  1.79999999e+00 
 1.38000000e-01  1.79999999e+00 
 1.39000000e-01  1.79999999e+00 
 1.40000000e-01  1.79999999e+00 
 1.41000000e-01  1.79999999e+00 
 1.42000000e-01  1.79999999e+00 
 1.43000000e-01  1.79999999e+00 
 1.44000000e-01  1.79999999e+00 
 1.45000000e-01  1.79999999e+00 
 1.46000000e-01  1.79999999e+00 
 1.47000000e-01  1.79999999e+00 
 1.48000000e-01  1.79999999e+00 
 1.49000000e-01  1.79999999e+00 
 1.50000000e-01  1.79999999e+00 
 1.51000000e-01  1.79999999e+00 
 1.52000000e-01  1.79999999e+00 
 1.53000000e-01  1.79999999e+00 
 1.54000000e-01  1.79999999e+00 
 1.55000000e-01  1.79999999e+00 
 1.56000000e-01  1.79999999e+00 
 1.57000000e-01  1.79999999e+00 
 1.58000000e-01  1.79999999e+00 
 1.59000000e-01  1.79999999e+00 
 1.60000000e-01  1.79999999e+00 
 1.61000000e-01  1.79999999e+00 
 1.62000000e-01  1.79999999e+00 
 1.63000000e-01  1.79999999e+00 
 1.64000000e-01  1.79999999e+00 
 1.65000000e-01  1.79999999e+00 
 1.66000000e-01  1.79999999e+00 
 1.67000000e-01  1.79999999e+00 
 1.68000000e-01  1.79999999e+00 
 1.69000000e-01  1.79999999e+00 
 1.70000000e-01  1.79999999e+00 
 1.71000000e-01  1.79999999e+00 
 1.72000000e-01  1.79999999e+00 
 1.73000000e-01  1.79999999e+00 
 1.74000000e-01  1.79999999e+00 
 1.75000000e-01  1.79999998e+00 
 1.76000000e-01  1.79999998e+00 
 1.77000000e-01  1.79999998e+00 
 1.78000000e-01  1.79999998e+00 
 1.79000000e-01  1.79999998e+00 
 1.80000000e-01  1.79999998e+00 
 1.81000000e-01  1.79999998e+00 
 1.82000000e-01  1.79999998e+00 
 1.83000000e-01  1.79999998e+00 
 1.84000000e-01  1.79999998e+00 
 1.85000000e-01  1.79999998e+00 
 1.86000000e-01  1.79999998e+00 
 1.87000000e-01  1.79999998e+00 
 1.88000000e-01  1.79999998e+00 
 1.89000000e-01  1.79999998e+00 
 1.90000000e-01  1.79999998e+00 
 1.91000000e-01  1.79999998e+00 
 1.92000000e-01  1.79999998e+00 
 1.93000000e-01  1.79999998e+00 
 1.94000000e-01  1.79999998e+00 
 1.95000000e-01  1.79999998e+00 
 1.96000000e-01  1.79999997e+00 
 1.97000000e-01  1.79999997e+00 
 1.98000000e-01  1.79999997e+00 
 1.99000000e-01  1.79999997e+00 
 2.00000000e-01  1.79999997e+00 
 2.01000000e-01  1.79999997e+00 
 2.02000000e-01  1.79999997e+00 
 2.03000000e-01  1.79999997e+00 
 2.04000000e-01  1.79999997e+00 
 2.05000000e-01  1.79999997e+00 
 2.06000000e-01  1.79999997e+00 
 2.07000000e-01  1.79999997e+00 
 2.08000000e-01  1.79999997e+00 
 2.09000000e-01  1.79999996e+00 
 2.10000000e-01  1.79999996e+00 
 2.11000000e-01  1.79999996e+00 
 2.12000000e-01  1.79999996e+00 
 2.13000000e-01  1.79999996e+00 
 2.14000000e-01  1.79999996e+00 
 2.15000000e-01  1.79999996e+00 
 2.16000000e-01  1.79999996e+00 
 2.17000000e-01  1.79999996e+00 
 2.18000000e-01  1.79999996e+00 
 2.19000000e-01  1.79999995e+00 
 2.20000000e-01  1.79999995e+00 
 2.21000000e-01  1.79999995e+00 
 2.22000000e-01  1.79999995e+00 
 2.23000000e-01  1.79999995e+00 
 2.24000000e-01  1.79999995e+00 
 2.25000000e-01  1.79999995e+00 
 2.26000000e-01  1.79999995e+00 
 2.27000000e-01  1.79999994e+00 
 2.28000000e-01  1.79999994e+00 
 2.29000000e-01  1.79999994e+00 
 2.30000000e-01  1.79999994e+00 
 2.31000000e-01  1.79999994e+00 
 2.32000000e-01  1.79999994e+00 
 2.33000000e-01  1.79999993e+00 
 2.34000000e-01  1.79999993e+00 
 2.35000000e-01  1.79999993e+00 
 2.36000000e-01  1.79999993e+00 
 2.37000000e-01  1.79999993e+00 
 2.38000000e-01  1.79999992e+00 
 2.39000000e-01  1.79999992e+00 
 2.40000000e-01  1.79999992e+00 
 2.41000000e-01  1.79999992e+00 
 2.42000000e-01  1.79999992e+00 
 2.43000000e-01  1.79999991e+00 
 2.44000000e-01  1.79999991e+00 
 2.45000000e-01  1.79999991e+00 
 2.46000000e-01  1.79999991e+00 
 2.47000000e-01  1.79999990e+00 
 2.48000000e-01  1.79999990e+00 
 2.49000000e-01  1.79999990e+00 
 2.50000000e-01  1.79999989e+00 
 2.51000000e-01  1.79999989e+00 
 2.52000000e-01  1.79999989e+00 
 2.53000000e-01  1.79999989e+00 
 2.54000000e-01  1.79999988e+00 
 2.55000000e-01  1.79999988e+00 
 2.56000000e-01  1.79999988e+00 
 2.57000000e-01  1.79999987e+00 
 2.58000000e-01  1.79999987e+00 
 2.59000000e-01  1.79999987e+00 
 2.60000000e-01  1.79999986e+00 
 2.61000000e-01  1.79999986e+00 
 2.62000000e-01  1.79999985e+00 
 2.63000000e-01  1.79999985e+00 
 2.64000000e-01  1.79999985e+00 
 2.65000000e-01  1.79999984e+00 
 2.66000000e-01  1.79999984e+00 
 2.67000000e-01  1.79999983e+00 
 2.68000000e-01  1.79999983e+00 
 2.69000000e-01  1.79999982e+00 
 2.70000000e-01  1.79999982e+00 
 2.71000000e-01  1.79999981e+00 
 2.72000000e-01  1.79999981e+00 
 2.73000000e-01  1.79999980e+00 
 2.74000000e-01  1.79999980e+00 
 2.75000000e-01  1.79999979e+00 
 2.76000000e-01  1.79999978e+00 
 2.77000000e-01  1.79999978e+00 
 2.78000000e-01  1.79999977e+00 
 2.79000000e-01  1.79999977e+00 
 2.80000000e-01  1.79999976e+00 
 2.81000000e-01  1.79999975e+00 
 2.82000000e-01  1.79999975e+00 
 2.83000000e-01  1.79999974e+00 
 2.84000000e-01  1.79999973e+00 
 2.85000000e-01  1.79999972e+00 
 2.86000000e-01  1.79999972e+00 
 2.87000000e-01  1.79999971e+00 
 2.88000000e-01  1.79999970e+00 
 2.89000000e-01  1.79999969e+00 
 2.90000000e-01  1.79999968e+00 
 2.91000000e-01  1.79999967e+00 
 2.92000000e-01  1.79999966e+00 
 2.93000000e-01  1.79999965e+00 
 2.94000000e-01  1.79999964e+00 
 2.95000000e-01  1.79999963e+00 
 2.96000000e-01  1.79999962e+00 
 2.97000000e-01  1.79999961e+00 
 2.98000000e-01  1.79999960e+00 
 2.99000000e-01  1.79999959e+00 
 3.00000000e-01  1.79999958e+00 
 3.01000000e-01  1.79999957e+00 
 3.02000000e-01  1.79999956e+00 
 3.03000000e-01  1.79999954e+00 
 3.04000000e-01  1.79999953e+00 
 3.05000000e-01  1.79999952e+00 
 3.06000000e-01  1.79999950e+00 
 3.07000000e-01  1.79999949e+00 
 3.08000000e-01  1.79999947e+00 
 3.09000000e-01  1.79999946e+00 
 3.10000000e-01  1.79999944e+00 
 3.11000000e-01  1.79999943e+00 
 3.12000000e-01  1.79999941e+00 
 3.13000000e-01  1.79999940e+00 
 3.14000000e-01  1.79999938e+00 
 3.15000000e-01  1.79999936e+00 
 3.16000000e-01  1.79999934e+00 
 3.17000000e-01  1.79999932e+00 
 3.18000000e-01  1.79999931e+00 
 3.19000000e-01  1.79999929e+00 
 3.20000000e-01  1.79999927e+00 
 3.21000000e-01  1.79999924e+00 
 3.22000000e-01  1.79999922e+00 
 3.23000000e-01  1.79999920e+00 
 3.24000000e-01  1.79999918e+00 
 3.25000000e-01  1.79999915e+00 
 3.26000000e-01  1.79999913e+00 
 3.27000000e-01  1.79999911e+00 
 3.28000000e-01  1.79999908e+00 
 3.29000000e-01  1.79999905e+00 
 3.30000000e-01  1.79999903e+00 
 3.31000000e-01  1.79999900e+00 
 3.32000000e-01  1.79999897e+00 
 3.33000000e-01  1.79999894e+00 
 3.34000000e-01  1.79999891e+00 
 3.35000000e-01  1.79999888e+00 
 3.36000000e-01  1.79999885e+00 
 3.37000000e-01  1.79999882e+00 
 3.38000000e-01  1.79999878e+00 
 3.39000000e-01  1.79999875e+00 
 3.40000000e-01  1.79999871e+00 
 3.41000000e-01  1.79999868e+00 
 3.42000000e-01  1.79999864e+00 
 3.43000000e-01  1.79999860e+00 
 3.44000000e-01  1.79999856e+00 
 3.45000000e-01  1.79999852e+00 
 3.46000000e-01  1.79999848e+00 
 3.47000000e-01  1.79999843e+00 
 3.48000000e-01  1.79999839e+00 
 3.49000000e-01  1.79999834e+00 
 3.50000000e-01  1.79999830e+00 
 3.51000000e-01  1.79999825e+00 
 3.52000000e-01  1.79999820e+00 
 3.53000000e-01  1.79999815e+00 
 3.54000000e-01  1.79999809e+00 
 3.55000000e-01  1.79999804e+00 
 3.56000000e-01  1.79999798e+00 
 3.57000000e-01  1.79999793e+00 
 3.58000000e-01  1.79999787e+00 
 3.59000000e-01  1.79999781e+00 
 3.60000000e-01  1.79999774e+00 
 3.61000000e-01  1.79999768e+00 
 3.62000000e-01  1.79999761e+00 
 3.63000000e-01  1.79999755e+00 
 3.64000000e-01  1.79999748e+00 
 3.65000000e-01  1.79999740e+00 
 3.66000000e-01  1.79999733e+00 
 3.67000000e-01  1.79999725e+00 
 3.68000000e-01  1.79999718e+00 
 3.69000000e-01  1.79999710e+00 
 3.70000000e-01  1.79999701e+00 
 3.71000000e-01  1.79999693e+00 
 3.72000000e-01  1.79999684e+00 
 3.73000000e-01  1.79999675e+00 
 3.74000000e-01  1.79999666e+00 
 3.75000000e-01  1.79999656e+00 
 3.76000000e-01  1.79999647e+00 
 3.77000000e-01  1.79999636e+00 
 3.78000000e-01  1.79999626e+00 
 3.79000000e-01  1.79999615e+00 
 3.80000000e-01  1.79999605e+00 
 3.81000000e-01  1.79999593e+00 
 3.82000000e-01  1.79999582e+00 
 3.83000000e-01  1.79999570e+00 
 3.84000000e-01  1.79999558e+00 
 3.85000000e-01  1.79999545e+00 
 3.86000000e-01  1.79999532e+00 
 3.87000000e-01  1.79999519e+00 
 3.88000000e-01  1.79999505e+00 
 3.89000000e-01  1.79999491e+00 
 3.90000000e-01  1.79999476e+00 
 3.91000000e-01  1.79999462e+00 
 3.92000000e-01  1.79999446e+00 
 3.93000000e-01  1.79999430e+00 
 3.94000000e-01  1.79999414e+00 
 3.95000000e-01  1.79999398e+00 
 3.96000000e-01  1.79999380e+00 
 3.97000000e-01  1.79999363e+00 
 3.98000000e-01  1.79999345e+00 
 3.99000000e-01  1.79999326e+00 
 4.00000000e-01  1.79999307e+00 
 4.01000000e-01  1.79999287e+00 
 4.02000000e-01  1.79999267e+00 
 4.03000000e-01  1.79999246e+00 
 4.04000000e-01  1.79999225e+00 
 4.05000000e-01  1.79999203e+00 
 4.06000000e-01  1.79999180e+00 
 4.07000000e-01  1.79999157e+00 
 4.08000000e-01  1.79999133e+00 
 4.09000000e-01  1.79999108e+00 
 4.10000000e-01  1.79999083e+00 
 4.11000000e-01  1.79999057e+00 
 4.12000000e-01  1.79999030e+00 
 4.13000000e-01  1.79999002e+00 
 4.14000000e-01  1.79998974e+00 
 4.15000000e-01  1.79998945e+00 
 4.16000000e-01  1.79998915e+00 
 4.17000000e-01  1.79998884e+00 
 4.18000000e-01  1.79998853e+00 
 4.19000000e-01  1.79998820e+00 
 4.20000000e-01  1.79998787e+00 
 4.21000000e-01  1.79998752e+00 
 4.22000000e-01  1.79998717e+00 
 4.23000000e-01  1.79998680e+00 
 4.24000000e-01  1.79998643e+00 
 4.25000000e-01  1.79998605e+00 
 4.26000000e-01  1.79998565e+00 
 4.27000000e-01  1.79998524e+00 
 4.28000000e-01  1.79998483e+00 
 4.29000000e-01  1.79998440e+00 
 4.30000000e-01  1.79998395e+00 
 4.31000000e-01  1.79998350e+00 
 4.32000000e-01  1.79998303e+00 
 4.33000000e-01  1.79998255e+00 
 4.34000000e-01  1.79998206e+00 
 4.35000000e-01  1.79998155e+00 
 4.36000000e-01  1.79998103e+00 
 4.37000000e-01  1.79998049e+00 
 4.38000000e-01  1.79997994e+00 
 4.39000000e-01  1.79997937e+00 
 4.40000000e-01  1.79997879e+00 
 4.41000000e-01  1.79997819e+00 
 4.42000000e-01  1.79997758e+00 
 4.43000000e-01  1.79997694e+00 
 4.44000000e-01  1.79997629e+00 
 4.45000000e-01  1.79997562e+00 
 4.46000000e-01  1.79997493e+00 
 4.47000000e-01  1.79997423e+00 
 4.48000000e-01  1.79997350e+00 
 4.49000000e-01  1.79997275e+00 
 4.50000000e-01  1.79997198e+00 
 4.51000000e-01  1.79997119e+00 
 4.52000000e-01  1.79997038e+00 
 4.53000000e-01  1.79996955e+00 
 4.54000000e-01  1.79996869e+00 
 4.55000000e-01  1.79996781e+00 
 4.56000000e-01  1.79996690e+00 
 4.57000000e-01  1.79996597e+00 
 4.58000000e-01  1.79996501e+00 
 4.59000000e-01  1.79996403e+00 
 4.60000000e-01  1.79996301e+00 
 4.61000000e-01  1.79996198e+00 
 4.62000000e-01  1.79996091e+00 
 4.63000000e-01  1.79995981e+00 
 4.64000000e-01  1.79995868e+00 
 4.65000000e-01  1.79995752e+00 
 4.66000000e-01  1.79995633e+00 
 4.67000000e-01  1.79995510e+00 
 4.68000000e-01  1.79995384e+00 
 4.69000000e-01  1.79995255e+00 
 4.70000000e-01  1.79995122e+00 
 4.71000000e-01  1.79994985e+00 
 4.72000000e-01  1.79994845e+00 
 4.73000000e-01  1.79994700e+00 
 4.74000000e-01  1.79994552e+00 
 4.75000000e-01  1.79994400e+00 
 4.76000000e-01  1.79994243e+00 
 4.77000000e-01  1.79994082e+00 
 4.78000000e-01  1.79993917e+00 
 4.79000000e-01  1.79993747e+00 
 4.80000000e-01  1.79993572e+00 
 4.81000000e-01  1.79993393e+00 
 4.82000000e-01  1.79993209e+00 
 4.83000000e-01  1.79993019e+00 
 4.84000000e-01  1.79992825e+00 
 4.85000000e-01  1.79992625e+00 
 4.86000000e-01  1.79992419e+00 
 4.87000000e-01  1.79992208e+00 
 4.88000000e-01  1.79991991e+00 
 4.89000000e-01  1.79991769e+00 
 4.90000000e-01  1.79991540e+00 
 4.91000000e-01  1.79991305e+00 
 4.92000000e-01  1.79991064e+00 
 4.93000000e-01  1.79990816e+00 
 4.94000000e-01  1.79990561e+00 
 4.95000000e-01  1.79990299e+00 
 4.96000000e-01  1.79990030e+00 
 4.97000000e-01  1.79989754e+00 
 4.98000000e-01  1.79989470e+00 
 4.99000000e-01  1.79989179e+00 
 5.00000000e-01  1.79988880e+00 
 5.01000000e-01  1.79988573e+00 
 5.02000000e-01  1.79988257e+00 
 5.03000000e-01  1.79987933e+00 
 5.04000000e-01  1.79987600e+00 
 5.05000000e-01  1.79987258e+00 
 5.06000000e-01  1.79986907e+00 
 5.07000000e-01  1.79986546e+00 
 5.08000000e-01  1.79986176e+00 
 5.09000000e-01  1.79985796e+00 
 5.10000000e-01  1.79985405e+00 
 5.11000000e-01  1.79985004e+00 
 5.12000000e-01  1.79984593e+00 
 5.13000000e-01  1.79984170e+00 
 5.14000000e-01  1.79983736e+00 
 5.15000000e-01  1.79983291e+00 
 5.16000000e-01  1.79982833e+00 
 5.17000000e-01  1.79982363e+00 
 5.18000000e-01  1.79981881e+00 
 5.19000000e-01  1.79981386e+00 
 5.20000000e-01  1.79980878e+00 
 5.21000000e-01  1.79980356e+00 
 5.22000000e-01  1.79979821e+00 
 5.23000000e-01  1.79979271e+00 
 5.24000000e-01  1.79978706e+00 
 5.25000000e-01  1.79978127e+00 
 5.26000000e-01  1.79977533e+00 
 5.27000000e-01  1.79976922e+00 
 5.28000000e-01  1.79976296e+00 
 5.29000000e-01  1.79975653e+00 
 5.30000000e-01  1.79974994e+00 
 5.31000000e-01  1.79974317e+00 
 5.32000000e-01  1.79973622e+00 
 5.33000000e-01  1.79972909e+00 
 5.34000000e-01  1.79972177e+00 
 5.35000000e-01  1.79971427e+00 
 5.36000000e-01  1.79970656e+00 
 5.37000000e-01  1.79969866e+00 
 5.38000000e-01  1.79969055e+00 
 5.39000000e-01  1.79968223e+00 
 5.40000000e-01  1.79967369e+00 
 5.41000000e-01  1.79966493e+00 
 5.42000000e-01  1.79965595e+00 
 5.43000000e-01  1.79964673e+00 
 5.44000000e-01  1.79963728e+00 
 5.45000000e-01  1.79962758e+00 
 5.46000000e-01  1.79961763e+00 
 5.47000000e-01  1.79960742e+00 
 5.48000000e-01  1.79959696e+00 
 5.49000000e-01  1.79958622e+00 
 5.50000000e-01  1.79957521e+00 
 5.51000000e-01  1.79956392e+00 
 5.52000000e-01  1.79955234e+00 
 5.53000000e-01  1.79954047e+00 
 5.54000000e-01  1.79952829e+00 
 5.55000000e-01  1.79951580e+00 
 5.56000000e-01  1.79950300e+00 
 5.57000000e-01  1.79948987e+00 
 5.58000000e-01  1.79947641e+00 
 5.59000000e-01  1.79946262e+00 
 5.60000000e-01  1.79944847e+00 
 5.61000000e-01  1.79943397e+00 
 5.62000000e-01  1.79941910e+00 
 5.63000000e-01  1.79940386e+00 
 5.64000000e-01  1.79938823e+00 
 5.65000000e-01  1.79937222e+00 
 5.66000000e-01  1.79935581e+00 
 5.67000000e-01  1.79933899e+00 
 5.68000000e-01  1.79932175e+00 
 5.69000000e-01  1.79930408e+00 
 5.70000000e-01  1.79928597e+00 
 5.71000000e-01  1.79926742e+00 
 5.72000000e-01  1.79924841e+00 
 5.73000000e-01  1.79922892e+00 
 5.74000000e-01  1.79920896e+00 
 5.75000000e-01  1.79918851e+00 
 5.76000000e-01  1.79916756e+00 
 5.77000000e-01  1.79914609e+00 
 5.78000000e-01  1.79912410e+00 
 5.79000000e-01  1.79910158e+00 
 5.80000000e-01  1.79907850e+00 
 5.81000000e-01  1.79905487e+00 
 5.82000000e-01  1.79903066e+00 
 5.83000000e-01  1.79900586e+00 
 5.84000000e-01  1.79898047e+00 
 5.85000000e-01  1.79895446e+00 
 5.86000000e-01  1.79892783e+00 
 5.87000000e-01  1.79890056e+00 
 5.88000000e-01  1.79887264e+00 
 5.89000000e-01  1.79884404e+00 
 5.90000000e-01  1.79881477e+00 
 5.91000000e-01  1.79878480e+00 
 5.92000000e-01  1.79875411e+00 
 5.93000000e-01  1.79872270e+00 
 5.94000000e-01  1.79869055e+00 
 5.95000000e-01  1.79865763e+00 
 5.96000000e-01  1.79862394e+00 
 5.97000000e-01  1.79858946e+00 
 5.98000000e-01  1.79855417e+00 
 5.99000000e-01  1.79851805e+00 
 6.00000000e-01  1.79848108e+00 
 6.01000000e-01  1.79844326e+00 
 6.02000000e-01  1.79840455e+00 
 6.03000000e-01  1.79836495e+00 
 6.04000000e-01  1.79832443e+00 
 6.05000000e-01  1.79828297e+00 
 6.06000000e-01  1.79824056e+00 
 6.07000000e-01  1.79819717e+00 
 6.08000000e-01  1.79815278e+00 
 6.09000000e-01  1.79810738e+00 
 6.10000000e-01  1.79806094e+00 
 6.11000000e-01  1.79801344e+00 
 6.12000000e-01  1.79796486e+00 
 6.13000000e-01  1.79791518e+00 
 6.14000000e-01  1.79786438e+00 
 6.15000000e-01  1.79781242e+00 
 6.16000000e-01  1.79775930e+00 
 6.17000000e-01  1.79770498e+00 
 6.18000000e-01  1.79764944e+00 
 6.19000000e-01  1.79759266e+00 
 6.20000000e-01  1.79753461e+00 
 6.21000000e-01  1.79747527e+00 
 6.22000000e-01  1.79741461e+00 
 6.23000000e-01  1.79735260e+00 
 6.24000000e-01  1.79728923e+00 
 6.25000000e-01  1.79722446e+00 
 6.26000000e-01  1.79715826e+00 
 6.27000000e-01  1.79709061e+00 
 6.28000000e-01  1.79702147e+00 
 6.29000000e-01  1.79695083e+00 
 6.30000000e-01  1.79687865e+00 
 6.31000000e-01  1.79680490e+00 
 6.32000000e-01  1.79672955e+00 
 6.33000000e-01  1.79665257e+00 
 6.34000000e-01  1.79657393e+00 
 6.35000000e-01  1.79649360e+00 
 6.36000000e-01  1.79641154e+00 
 6.37000000e-01  1.79632772e+00 
 6.38000000e-01  1.79624212e+00 
 6.39000000e-01  1.79615469e+00 
 6.40000000e-01  1.79606540e+00 
 6.41000000e-01  1.79597422e+00 
 6.42000000e-01  1.79588112e+00 
 6.43000000e-01  1.79578604e+00 
 6.44000000e-01  1.79568897e+00 
 6.45000000e-01  1.79558986e+00 
 6.46000000e-01  1.79548868e+00 
 6.47000000e-01  1.79538538e+00 
 6.48000000e-01  1.79527993e+00 
 6.49000000e-01  1.79517229e+00 
 6.50000000e-01  1.79506242e+00 
 6.51000000e-01  1.79495027e+00 
 6.52000000e-01  1.79483582e+00 
 6.53000000e-01  1.79471901e+00 
 6.54000000e-01  1.79459980e+00 
 6.55000000e-01  1.79447815e+00 
 6.56000000e-01  1.79435402e+00 
 6.57000000e-01  1.79422736e+00 
 6.58000000e-01  1.79409813e+00 
 6.59000000e-01  1.79396628e+00 
 6.60000000e-01  1.79383176e+00 
 6.61000000e-01  1.79369453e+00 
 6.62000000e-01  1.79355455e+00 
 6.63000000e-01  1.79341175e+00 
 6.64000000e-01  1.79326609e+00 
 6.65000000e-01  1.79311753e+00 
 6.66000000e-01  1.79296601e+00 
 6.67000000e-01  1.79281147e+00 
 6.68000000e-01  1.79265388e+00 
 6.69000000e-01  1.79249316e+00 
 6.70000000e-01  1.79232928e+00 
 6.71000000e-01  1.79216217e+00 
 6.72000000e-01  1.79199178e+00 
 6.73000000e-01  1.79181805e+00 
 6.74000000e-01  1.79164093e+00 
 6.75000000e-01  1.79146036e+00 
 6.76000000e-01  1.79127627e+00 
 6.77000000e-01  1.79108861e+00 
 6.78000000e-01  1.79089732e+00 
 6.79000000e-01  1.79070234e+00 
 6.80000000e-01  1.79050359e+00 
 6.81000000e-01  1.79030102e+00 
 6.82000000e-01  1.79009457e+00 
 6.83000000e-01  1.78988417e+00 
 6.84000000e-01  1.78966974e+00 
 6.85000000e-01  1.78945123e+00 
 6.86000000e-01  1.78922856e+00 
 6.87000000e-01  1.78900167e+00 
 6.88000000e-01  1.78877047e+00 
 6.89000000e-01  1.78853491e+00 
 6.90000000e-01  1.78829491e+00 
 6.91000000e-01  1.78805038e+00 
 6.92000000e-01  1.78780127e+00 
 6.93000000e-01  1.78754748e+00 
 6.94000000e-01  1.78728894e+00 
 6.95000000e-01  1.78702558e+00 
 6.96000000e-01  1.78675730e+00 
 6.97000000e-01  1.78648404e+00 
 6.98000000e-01  1.78620570e+00 
 6.99000000e-01  1.78592219e+00 
 7.00000000e-01  1.78563345e+00 
 7.01000000e-01  1.78533936e+00 
 7.02000000e-01  1.78503986e+00 
 7.03000000e-01  1.78473483e+00 
 7.04000000e-01  1.78442421e+00 
 7.05000000e-01  1.78410788e+00 
 7.06000000e-01  1.78378575e+00 
 7.07000000e-01  1.78345773e+00 
 7.08000000e-01  1.78312371e+00 
 7.09000000e-01  1.78278361e+00 
 7.10000000e-01  1.78243730e+00 
 7.11000000e-01  1.78208470e+00 
 7.12000000e-01  1.78172568e+00 
 7.13000000e-01  1.78136016e+00 
 7.14000000e-01  1.78098800e+00 
 7.15000000e-01  1.78060911e+00 
 7.16000000e-01  1.78022337e+00 
 7.17000000e-01  1.77983066e+00 
 7.18000000e-01  1.77943086e+00 
 7.19000000e-01  1.77902385e+00 
 7.20000000e-01  1.77860951e+00 
 7.21000000e-01  1.77818771e+00 
 7.22000000e-01  1.77775832e+00 
 7.23000000e-01  1.77732122e+00 
 7.24000000e-01  1.77687627e+00 
 7.25000000e-01  1.77642333e+00 
 7.26000000e-01  1.77596226e+00 
 7.27000000e-01  1.77549292e+00 
 7.28000000e-01  1.77501518e+00 
 7.29000000e-01  1.77452887e+00 
 7.30000000e-01  1.77403385e+00 
 7.31000000e-01  1.77352996e+00 
 7.32000000e-01  1.77301705e+00 
 7.33000000e-01  1.77249495e+00 
 7.34000000e-01  1.77196350e+00 
 7.35000000e-01  1.77142254e+00 
 7.36000000e-01  1.77087188e+00 
 7.37000000e-01  1.77031135e+00 
 7.38000000e-01  1.76974077e+00 
 7.39000000e-01  1.76915996e+00 
 7.40000000e-01  1.76856873e+00 
 7.41000000e-01  1.76796688e+00 
 7.42000000e-01  1.76735421e+00 
 7.43000000e-01  1.76673052e+00 
 7.44000000e-01  1.76609560e+00 
 7.45000000e-01  1.76544924e+00 
 7.46000000e-01  1.76479122e+00 
 7.47000000e-01  1.76412131e+00 
 7.48000000e-01  1.76343928e+00 
 7.49000000e-01  1.76274488e+00 
 7.50000000e-01  1.76203789e+00 
 7.51000000e-01  1.76131804e+00 
 7.52000000e-01  1.76058508e+00 
 7.53000000e-01  1.75983875e+00 
 7.54000000e-01  1.75907876e+00 
 7.55000000e-01  1.75830484e+00 
 7.56000000e-01  1.75751670e+00 
 7.57000000e-01  1.75671403e+00 
 7.58000000e-01  1.75589654e+00 
 7.59000000e-01  1.75506391e+00 
 7.60000000e-01  1.75421580e+00 
 7.61000000e-01  1.75335188e+00 
 7.62000000e-01  1.75247180e+00 
 7.63000000e-01  1.75157520e+00 
 7.64000000e-01  1.75066171e+00 
 7.65000000e-01  1.74973095e+00 
 7.66000000e-01  1.74878251e+00 
 7.67000000e-01  1.74781598e+00 
 7.68000000e-01  1.74683093e+00 
 7.69000000e-01  1.74582693e+00 
 7.70000000e-01  1.74480351e+00 
 7.71000000e-01  1.74376019e+00 
 7.72000000e-01  1.74269649e+00 
 7.73000000e-01  1.74161188e+00 
 7.74000000e-01  1.74050583e+00 
 7.75000000e-01  1.73937778e+00 
 7.76000000e-01  1.73822716e+00 
 7.77000000e-01  1.73705336e+00 
 7.78000000e-01  1.73585575e+00 
 7.79000000e-01  1.73463367e+00 
 7.80000000e-01  1.73338644e+00 
 7.81000000e-01  1.73211334e+00 
 7.82000000e-01  1.73081361e+00 
 7.83000000e-01  1.72948648e+00 
 7.84000000e-01  1.72813112e+00 
 7.85000000e-01  1.72674666e+00 
 7.86000000e-01  1.72533219e+00 
 7.87000000e-01  1.72388677e+00 
 7.88000000e-01  1.72240938e+00 
 7.89000000e-01  1.72089897e+00 
 7.90000000e-01  1.71935442e+00 
 7.91000000e-01  1.71777456e+00 
 7.92000000e-01  1.71615814e+00 
 7.93000000e-01  1.71450385e+00 
 7.94000000e-01  1.71281027e+00 
 7.95000000e-01  1.71107595e+00 
 7.96000000e-01  1.70929929e+00 
 7.97000000e-01  1.70747862e+00 
 7.98000000e-01  1.70561215e+00 
 7.99000000e-01  1.70369799e+00 
 8.00000000e-01  1.70173408e+00 
 8.01000000e-01  1.69971824e+00 
 8.02000000e-01  1.69764813e+00 
 8.03000000e-01  1.69552123e+00 
 8.04000000e-01  1.69333482e+00 
 8.05000000e-01  1.69108598e+00 
 8.06000000e-01  1.68877153e+00 
 8.07000000e-01  1.68638804e+00 
 8.08000000e-01  1.68393179e+00 
 8.09000000e-01  1.68139871e+00 
 8.10000000e-01  1.67878438e+00 
 8.11000000e-01  1.67608396e+00 
 8.12000000e-01  1.67329212e+00 
 8.13000000e-01  1.67040305e+00 
 8.14000000e-01  1.66741030e+00 
 8.15000000e-01  1.66430677e+00 
 8.16000000e-01  1.66108461e+00 
 8.17000000e-01  1.65773508e+00 
 8.18000000e-01  1.65424849e+00 
 8.19000000e-01  1.65061405e+00 
 8.20000000e-01  1.64681972e+00 
 8.21000000e-01  1.64285208e+00 
 8.22000000e-01  1.63869621e+00 
 8.23000000e-01  1.63433548e+00 
 8.24000000e-01  1.62975153e+00 
 8.25000000e-01  1.62492419e+00 
 8.26000000e-01  1.61983158e+00 
 8.27000000e-01  1.61445035e+00 
 8.28000000e-01  1.60875624e+00 
 8.29000000e-01  1.60272499e+00 
 8.30000000e-01  1.59633374e+00 
 8.31000000e-01  1.58956281e+00 
 8.32000000e-01  1.58239794e+00 
 8.33000000e-01  1.57483245e+00 
 8.34000000e-01  1.56686895e+00 
 8.35000000e-01  1.55852002e+00 
 8.36000000e-01  1.54980745e+00 
 8.37000000e-01  1.54076030e+00 
 8.38000000e-01  1.53141199e+00 
 8.39000000e-01  1.52179744e+00 
 8.40000000e-01  1.51195062e+00 
 8.41000000e-01  1.50190284e+00 
 8.42000000e-01  1.49168196e+00 
 8.43000000e-01  1.48131207e+00 
 8.44000000e-01  1.47081367e+00 
 8.45000000e-01  1.46020404e+00 
 8.46000000e-01  1.44949772e+00 
 8.47000000e-01  1.43870687e+00 
 8.48000000e-01  1.42784179e+00 
 8.49000000e-01  1.41691116e+00 
 8.50000000e-01  1.40592241e+00 
 8.51000000e-01  1.39488190e+00 
 8.52000000e-01  1.38379516e+00 
 8.53000000e-01  1.37266700e+00 
 8.54000000e-01  1.36150165e+00 
 8.55000000e-01  1.35030285e+00 
 8.56000000e-01  1.33907393e+00 
 8.57000000e-01  1.32781789e+00 
 8.58000000e-01  1.31653743e+00 
 8.59000000e-01  1.30523499e+00 
 8.60000000e-01  1.29391281e+00 
 8.61000000e-01  1.28257292e+00 
 8.62000000e-01  1.27121720e+00 
 8.63000000e-01  1.25984737e+00 
 8.64000000e-01  1.24846505e+00 
 8.65000000e-01  1.23707170e+00 
 8.66000000e-01  1.22566872e+00 
 8.67000000e-01  1.21425740e+00 
 8.68000000e-01  1.20283894e+00 
 8.69000000e-01  1.19141448e+00 
 8.70000000e-01  1.17998507e+00 
 8.71000000e-01  1.16855173e+00 
 8.72000000e-01  1.15711539e+00 
 8.73000000e-01  1.14567695e+00 
 8.74000000e-01  1.13423726e+00 
 8.75000000e-01  1.12279712e+00 
 8.76000000e-01  1.11135729e+00 
 8.77000000e-01  1.09991851e+00 
 8.78000000e-01  1.08848146e+00 
 8.79000000e-01  1.07704680e+00 
 8.80000000e-01  1.06561518e+00 
 8.81000000e-01  1.05418720e+00 
 8.82000000e-01  1.04276345e+00 
 8.83000000e-01  1.03134448e+00 
 8.84000000e-01  1.01993084e+00 
 8.85000000e-01  1.00852307e+00 
 8.86000000e-01  9.97121655e-01 
 8.87000000e-01  9.85727103e-01 
 8.88000000e-01  9.74339890e-01 
 8.89000000e-01  9.62960485e-01 
 8.90000000e-01  9.51589347e-01 
 8.91000000e-01  9.40226924e-01 
 8.92000000e-01  9.28873657e-01 
 8.93000000e-01  9.17529981e-01 
 8.94000000e-01  9.06196323e-01 
 8.95000000e-01  8.94873110e-01 
 8.96000000e-01  8.83560762e-01 
 8.97000000e-01  8.72259700e-01 
 8.98000000e-01  8.60970343e-01 
 8.99000000e-01  8.49693112e-01 
 9.00000000e-01  8.38428428e-01 
 9.01000000e-01  8.27176718e-01 
 9.02000000e-01  8.15938410e-01 
 9.03000000e-01  8.04713941e-01 
 9.04000000e-01  7.93503754e-01 
 9.05000000e-01  7.82308299e-01 
 9.06000000e-01  7.71128039e-01 
 9.07000000e-01  7.59963447e-01 
 9.08000000e-01  7.48815009e-01 
 9.09000000e-01  7.37683228e-01 
 9.10000000e-01  7.26568621e-01 
 9.11000000e-01  7.15471726e-01 
 9.12000000e-01  7.04393103e-01 
 9.13000000e-01  6.93333332e-01 
 9.14000000e-01  6.82293021e-01 
 9.15000000e-01  6.71272807e-01 
 9.16000000e-01  6.60273357e-01 
 9.17000000e-01  6.49295371e-01 
 9.18000000e-01  6.38339591e-01 
 9.19000000e-01  6.27406796e-01 
 9.20000000e-01  6.16497814e-01 
 9.21000000e-01  6.05613519e-01 
 9.22000000e-01  5.94754845e-01 
 9.23000000e-01  5.83922781e-01 
 9.24000000e-01  5.73118386e-01 
 9.25000000e-01  5.62342791e-01 
 9.26000000e-01  5.51597204e-01 
 9.27000000e-01  5.40882925e-01 
 9.28000000e-01  5.30201350e-01 
 9.29000000e-01  5.19553980e-01 
 9.30000000e-01  5.08942436e-01 
 9.31000000e-01  4.98368470e-01 
 9.32000000e-01  4.87833977e-01 
 9.33000000e-01  4.77341015e-01 
 9.34000000e-01  4.66891815e-01 
 9.35000000e-01  4.56488809e-01 
 9.36000000e-01  4.46134647e-01 
 9.37000000e-01  4.35832222e-01 
 9.38000000e-01  4.25584699e-01 
 9.39000000e-01  4.15395544e-01 
 9.40000000e-01  4.05268561e-01 
 9.41000000e-01  3.95207928e-01 
 9.42000000e-01  3.85218240e-01 
 9.43000000e-01  3.75304557e-01 
 9.44000000e-01  3.65472454e-01 
 9.45000000e-01  3.55728078e-01 
 9.46000000e-01  3.46078205e-01 
 9.47000000e-01  3.36530304e-01 
 9.48000000e-01  3.27092598e-01 
 9.49000000e-01  3.17774126e-01 
 9.50000000e-01  3.08584792e-01 
 9.51000000e-01  2.99535414e-01 
 9.52000000e-01  2.90637734e-01 
 9.53000000e-01  2.81904413e-01 
 9.54000000e-01  2.73348970e-01 
 9.55000000e-01  2.64985664e-01 
 9.56000000e-01  2.56829292e-01 
 9.57000000e-01  2.48894900e-01 
 9.58000000e-01  2.41197390e-01 
 9.59000000e-01  2.33751020e-01 
 9.60000000e-01  2.26568823e-01 
 9.61000000e-01  2.19661978e-01 
 9.62000000e-01  2.13039192e-01 
 9.63000000e-01  2.06706162e-01 
 9.64000000e-01  2.00665198e-01 
 9.65000000e-01  1.94915061e-01 
 9.66000000e-01  1.89451039e-01 
 9.67000000e-01  1.84265269e-01 
 9.68000000e-01  1.79347227e-01 
 9.69000000e-01  1.74684348e-01 
 9.70000000e-01  1.70262671e-01 
 9.71000000e-01  1.66067457e-01 
 9.72000000e-01  1.62083725e-01 
 9.73000000e-01  1.58296689e-01 
 9.74000000e-01  1.54692072e-01 
 9.75000000e-01  1.51256332e-01 
 9.76000000e-01  1.47976791e-01 
 9.77000000e-01  1.44841698e-01 
 9.78000000e-01  1.41840243e-01 
 9.79000000e-01  1.38962534e-01 
 9.80000000e-01  1.36199554e-01 
 9.81000000e-01  1.33543101e-01 
 9.82000000e-01  1.30985725e-01 
 9.83000000e-01  1.28520662e-01 
 9.84000000e-01  1.26141772e-01 
 9.85000000e-01  1.23843472e-01 
 9.86000000e-01  1.21620689e-01 
 9.87000000e-01  1.19468797e-01 
 9.88000000e-01  1.17383580e-01 
 9.89000000e-01  1.15361183e-01 
 9.90000000e-01  1.13398079e-01 
 9.91000000e-01  1.11491033e-01 
 9.92000000e-01  1.09637070e-01 
 9.93000000e-01  1.07833455e-01 
 9.94000000e-01  1.06077662e-01 
 9.95000000e-01  1.04367358e-01 
 9.96000000e-01  1.02700384e-01 
 9.97000000e-01  1.01074736e-01 
 9.98000000e-01  9.94885524e-02 
 9.99000000e-01  9.79401007e-02 
 1.00000000e+00  9.64277656e-02 
 1.00100000e+00  9.49500387e-02 
 1.00200000e+00  9.35055091e-02 
 1.00300000e+00  9.20928552e-02 
 1.00400000e+00  9.07108374e-02 
 1.00500000e+00  8.93582909e-02 
 1.00600000e+00  8.80341201e-02 
 1.00700000e+00  8.67372931e-02 
 1.00800000e+00  8.54668364e-02 
 1.00900000e+00  8.42218310e-02 
 1.01000000e+00  8.30014077e-02 
 1.01100000e+00  8.18047442e-02 
 1.01200000e+00  8.06310609e-02 
 1.01300000e+00  7.94796187e-02 
 1.01400000e+00  7.83497155e-02 
 1.01500000e+00  7.72406840e-02 
 1.01600000e+00  7.61518895e-02 
 1.01700000e+00  7.50827275e-02 
 1.01800000e+00  7.40326218e-02 
 1.01900000e+00  7.30010228e-02 
 1.02000000e+00  7.19874057e-02 
 1.02100000e+00  7.09912690e-02 
 1.02200000e+00  7.00121334e-02 
 1.02300000e+00  6.90495400e-02 
 1.02400000e+00  6.81030493e-02 
 1.02500000e+00  6.71722402e-02 
 1.02600000e+00  6.62567088e-02 
 1.02700000e+00  6.53560676e-02 
 1.02800000e+00  6.44699444e-02 
 1.02900000e+00  6.35979815e-02 
 1.03000000e+00  6.27398351e-02 
 1.03100000e+00  6.18951745e-02 
 1.03200000e+00  6.10636811e-02 
 1.03300000e+00  6.02450485e-02 
 1.03400000e+00  5.94389810e-02 
 1.03500000e+00  5.86451938e-02 
 1.03600000e+00  5.78634120e-02 
 1.03700000e+00  5.70933705e-02 
 1.03800000e+00  5.63348130e-02 
 1.03900000e+00  5.55874921e-02 
 1.04000000e+00  5.48511689e-02 
 1.04100000e+00  5.41256120e-02 
 1.04200000e+00  5.34105978e-02 
 1.04300000e+00  5.27059099e-02 
 1.04400000e+00  5.20113387e-02 
 1.04500000e+00  5.13266813e-02 
 1.04600000e+00  5.06517410e-02 
 1.04700000e+00  4.99863273e-02 
 1.04800000e+00  4.93302553e-02 
 1.04900000e+00  4.86833458e-02 
 1.05000000e+00  4.80454248e-02 
 1.05100000e+00  4.74163234e-02 
 1.05200000e+00  4.67958777e-02 
 1.05300000e+00  4.61839284e-02 
 1.05400000e+00  4.55803207e-02 
 1.05500000e+00  4.49849042e-02 
 1.05600000e+00  4.43975327e-02 
 1.05700000e+00  4.38180638e-02 
 1.05800000e+00  4.32463593e-02 
 1.05900000e+00  4.26822844e-02 
 1.06000000e+00  4.21257080e-02 
 1.06100000e+00  4.15765024e-02 
 1.06200000e+00  4.10345433e-02 
 1.06300000e+00  4.04997096e-02 
 1.06400000e+00  3.99718831e-02 
 1.06500000e+00  3.94509488e-02 
 1.06600000e+00  3.89367945e-02 
 1.06700000e+00  3.84293106e-02 
 1.06800000e+00  3.79283906e-02 
 1.06900000e+00  3.74339300e-02 
 1.07000000e+00  3.69458274e-02 
 1.07100000e+00  3.64639833e-02 
 1.07200000e+00  3.59883009e-02 
 1.07300000e+00  3.55186855e-02 
 1.07400000e+00  3.50550446e-02 
 1.07500000e+00  3.45972877e-02 
 1.07600000e+00  3.41453267e-02 
 1.07700000e+00  3.36990750e-02 
 1.07800000e+00  3.32584484e-02 
 1.07900000e+00  3.28233641e-02 
 1.08000000e+00  3.23937415e-02 
 1.08100000e+00  3.19695014e-02 
 1.08200000e+00  3.15505667e-02 
 1.08300000e+00  3.11368615e-02 
 1.08400000e+00  3.07283117e-02 
 1.08500000e+00  3.03248449e-02 
 1.08600000e+00  2.99263898e-02 
 1.08700000e+00  2.95328771e-02 
 1.08800000e+00  2.91442383e-02 
 1.08900000e+00  2.87604068e-02 
 1.09000000e+00  2.83813170e-02 
 1.09100000e+00  2.80069047e-02 
 1.09200000e+00  2.76371069e-02 
 1.09300000e+00  2.72718620e-02 
 1.09400000e+00  2.69111095e-02 
 1.09500000e+00  2.65547898e-02 
 1.09600000e+00  2.62028448e-02 
 1.09700000e+00  2.58552174e-02 
 1.09800000e+00  2.55118513e-02 
 1.09900000e+00  2.51726915e-02 
 1.10000000e+00  2.48376840e-02 
 1.10100000e+00  2.45067757e-02 
 1.10200000e+00  2.41799143e-02 
 1.10300000e+00  2.38570488e-02 
 1.10400000e+00  2.35381288e-02 
 1.10500000e+00  2.32231048e-02 
 1.10600000e+00  2.29119283e-02 
 1.10700000e+00  2.26045516e-02 
 1.10800000e+00  2.23009276e-02 
 1.10900000e+00  2.20010104e-02 
 1.11000000e+00  2.17047544e-02 
 1.11100000e+00  2.14121151e-02 
 1.11200000e+00  2.11230487e-02 
 1.11300000e+00  2.08375119e-02 
 1.11400000e+00  2.05554622e-02 
 1.11500000e+00  2.02768580e-02 
 1.11600000e+00  2.00016580e-02 
 1.11700000e+00  1.97298218e-02 
 1.11800000e+00  1.94613095e-02 
 1.11900000e+00  1.91960819e-02 
 1.12000000e+00  1.89341003e-02 
 1.12100000e+00  1.86753268e-02 
 1.12200000e+00  1.84197238e-02 
 1.12300000e+00  1.81672545e-02 
 1.12400000e+00  1.79178825e-02 
 1.12500000e+00  1.76715719e-02 
 1.12600000e+00  1.74282874e-02 
 1.12700000e+00  1.71879943e-02 
 1.12800000e+00  1.69506582e-02 
 1.12900000e+00  1.67162453e-02 
 1.13000000e+00  1.64847223e-02 
 1.13100000e+00  1.62560563e-02 
 1.13200000e+00  1.60302149e-02 
 1.13300000e+00  1.58071660e-02 
 1.13400000e+00  1.55868782e-02 
 1.13500000e+00  1.53693203e-02 
 1.13600000e+00  1.51544617e-02 
 1.13700000e+00  1.49422719e-02 
 1.13800000e+00  1.47327212e-02 
 1.13900000e+00  1.45257800e-02 
 1.14000000e+00  1.43214191e-02 
 1.14100000e+00  1.41196098e-02 
 1.14200000e+00  1.39203237e-02 
 1.14300000e+00  1.37235327e-02 
 1.14400000e+00  1.35292092e-02 
 1.14500000e+00  1.33373259e-02 
 1.14600000e+00  1.31478556e-02 
 1.14700000e+00  1.29607717e-02 
 1.14800000e+00  1.27760478e-02 
 1.14900000e+00  1.25936579e-02 
 1.15000000e+00  1.24135762e-02 
 1.15100000e+00  1.22357773e-02 
 1.15200000e+00  1.20602360e-02 
 1.15300000e+00  1.18869275e-02 
 1.15400000e+00  1.17158272e-02 
 1.15500000e+00  1.15469109e-02 
 1.15600000e+00  1.13801544e-02 
 1.15700000e+00  1.12155340e-02 
 1.15800000e+00  1.10530263e-02 
 1.15900000e+00  1.08926079e-02 
 1.16000000e+00  1.07342561e-02 
 1.16100000e+00  1.05779479e-02 
 1.16200000e+00  1.04236609e-02 
 1.16300000e+00  1.02713730e-02 
 1.16400000e+00  1.01210620e-02 
 1.16500000e+00  9.97270617e-03 
 1.16600000e+00  9.82628401e-03 
 1.16700000e+00  9.68177417e-03 
 1.16800000e+00  9.53915554e-03 
 1.16900000e+00  9.39840723e-03 
 1.17000000e+00  9.25950857e-03 
 1.17100000e+00  9.12243909e-03 
 1.17200000e+00  8.98717852e-03 
 1.17300000e+00  8.85370679e-03 
 1.17400000e+00  8.72200405e-03 
 1.17500000e+00  8.59205063e-03 
 1.17600000e+00  8.46382705e-03 
 1.17700000e+00  8.33731403e-03 
 1.17800000e+00  8.21249247e-03 
 1.17900000e+00  8.08934344e-03 
 1.18000000e+00  7.96784823e-03 
 1.18100000e+00  7.84798827e-03 
 1.18200000e+00  7.72974518e-03 
 1.18300000e+00  7.61310075e-03 
 1.18400000e+00  7.49803696e-03 
 1.18500000e+00  7.38453593e-03 
 1.18600000e+00  7.27257996e-03 
 1.18700000e+00  7.16215153e-03 
 1.18800000e+00  7.05323324e-03 
 1.18900000e+00  6.94580790e-03 
 1.19000000e+00  6.83985843e-03 
 1.19100000e+00  6.73536795e-03 
 1.19200000e+00  6.63231971e-03 
 1.19300000e+00  6.53069710e-03 
 1.19400000e+00  6.43048370e-03 
 1.19500000e+00  6.33166320e-03 
 1.19600000e+00  6.23421946e-03 
 1.19700000e+00  6.13813647e-03 
 1.19800000e+00  6.04339838e-03 
 1.19900000e+00  5.94998947e-03 
 1.20000000e+00  5.85789416e-03 
 1.20100000e+00  5.76709703e-03 
 1.20200000e+00  5.67758276e-03 
 1.20300000e+00  5.58933621e-03 
 1.20400000e+00  5.50234234e-03 
 1.20500000e+00  5.41658627e-03 
 1.20600000e+00  5.33205324e-03 
 1.20700000e+00  5.24872861e-03 
 1.20800000e+00  5.16659790e-03 
 1.20900000e+00  5.08564673e-03 
 1.21000000e+00  5.00586088e-03 
 1.21100000e+00  4.92722622e-03 
 1.21200000e+00  4.84972878e-03 
 1.21300000e+00  4.77335470e-03 
 1.21400000e+00  4.69809024e-03 
 1.21500000e+00  4.62392179e-03 
 1.21600000e+00  4.55083586e-03 
 1.21700000e+00  4.47881909e-03 
 1.21800000e+00  4.40785823e-03 
 1.21900000e+00  4.33794016e-03 
 1.22000000e+00  4.26905187e-03 
 1.22100000e+00  4.20118048e-03 
 1.22200000e+00  4.13431320e-03 
 1.22300000e+00  4.06843740e-03 
 1.22400000e+00  4.00354053e-03 
 1.22500000e+00  3.93961018e-03 
 1.22600000e+00  3.87663404e-03 
 1.22700000e+00  3.81459991e-03 
 1.22800000e+00  3.75349573e-03 
 1.22900000e+00  3.69330952e-03 
 1.23000000e+00  3.63402944e-03 
 1.23100000e+00  3.57564374e-03 
 1.23200000e+00  3.51814080e-03 
 1.23300000e+00  3.46150909e-03 
 1.23400000e+00  3.40573722e-03 
 1.23500000e+00  3.35081388e-03 
 1.23600000e+00  3.29672788e-03 
 1.23700000e+00  3.24346814e-03 
 1.23800000e+00  3.19102369e-03 
 1.23900000e+00  3.13938367e-03 
 1.24000000e+00  3.08853731e-03 
 1.24100000e+00  3.03847397e-03 
 1.24200000e+00  2.98918309e-03 
 1.24300000e+00  2.94065424e-03 
 1.24400000e+00  2.89287708e-03 
 1.24500000e+00  2.84584138e-03 
 1.24600000e+00  2.79953702e-03 
 1.24700000e+00  2.75395396e-03 
 1.24800000e+00  2.70908230e-03 
 1.24900000e+00  2.66491220e-03 
 1.25000000e+00  2.62143396e-03 
 1.25100000e+00  2.57863795e-03 
 1.25200000e+00  2.53651468e-03 
 1.25300000e+00  2.49505471e-03 
 1.25400000e+00  2.45424875e-03 
 1.25500000e+00  2.41408757e-03 
 1.25600000e+00  2.37456207e-03 
 1.25700000e+00  2.33566322e-03 
 1.25800000e+00  2.29738212e-03 
 1.25900000e+00  2.25970993e-03 
 1.26000000e+00  2.22263795e-03 
 1.26100000e+00  2.18615754e-03 
 1.26200000e+00  2.15026017e-03 
 1.26300000e+00  2.11493741e-03 
 1.26400000e+00  2.08018092e-03 
 1.26500000e+00  2.04598246e-03 
 1.26600000e+00  2.01233388e-03 
 1.26700000e+00  1.97922713e-03 
 1.26800000e+00  1.94665423e-03 
 1.26900000e+00  1.91460733e-03 
 1.27000000e+00  1.88307863e-03 
 1.27100000e+00  1.85206047e-03 
 1.27200000e+00  1.82154523e-03 
 1.27300000e+00  1.79152542e-03 
 1.27400000e+00  1.76199362e-03 
 1.27500000e+00  1.73294251e-03 
 1.27600000e+00  1.70436485e-03 
 1.27700000e+00  1.67625349e-03 
 1.27800000e+00  1.64860137e-03 
 1.27900000e+00  1.62140152e-03 
 1.28000000e+00  1.59464704e-03 
 1.28100000e+00  1.56833115e-03 
 1.28200000e+00  1.54244713e-03 
 1.28300000e+00  1.51698833e-03 
 1.28400000e+00  1.49194823e-03 
 1.28500000e+00  1.46732035e-03 
 1.28600000e+00  1.44309831e-03 
 1.28700000e+00  1.41927582e-03 
 1.28800000e+00  1.39584666e-03 
 1.28900000e+00  1.37280470e-03 
 1.29000000e+00  1.35014388e-03 
 1.29100000e+00  1.32785824e-03 
 1.29200000e+00  1.30594186e-03 
 1.29300000e+00  1.28438895e-03 
 1.29400000e+00  1.26319375e-03 
 1.29500000e+00  1.24235061e-03 
 1.29600000e+00  1.22185395e-03 
 1.29700000e+00  1.20169825e-03 
 1.29800000e+00  1.18187808e-03 
 1.29900000e+00  1.16238810e-03 
 1.30000000e+00  1.14322300e-03 
 1.30100000e+00  1.12437758e-03 
 1.30200000e+00  1.10584670e-03 
 1.30300000e+00  1.08762530e-03 
 1.30400000e+00  1.06970839e-03 
 1.30500000e+00  1.05209103e-03 
 1.30600000e+00  1.03476837e-03 
 1.30700000e+00  1.01773564e-03 
 1.30800000e+00  1.00098811e-03 
 1.30900000e+00  9.84521130e-04 
 1.31000000e+00  9.68330129e-04 
 1.31100000e+00  9.52410591e-04 
 1.31200000e+00  9.36758065e-04 
 1.31300000e+00  9.21368170e-04 
 1.31400000e+00  9.06236588e-04 
 1.31500000e+00  8.91359065e-04 
 1.31600000e+00  8.76731408e-04 
 1.31700000e+00  8.62349490e-04 
 1.31800000e+00  8.48209244e-04 
 1.31900000e+00  8.34306664e-04 
 1.32000000e+00  8.20637805e-04 
 1.32100000e+00  8.07198782e-04 
 1.32200000e+00  7.93985768e-04 
 1.32300000e+00  7.80994996e-04 
 1.32400000e+00  7.68222754e-04 
 1.32500000e+00  7.55665391e-04 
 1.32600000e+00  7.43319309e-04 
 1.32700000e+00  7.31180967e-04 
 1.32800000e+00  7.19246880e-04 
 1.32900000e+00  7.07513615e-04 
 1.33000000e+00  6.95977794e-04 
 1.33100000e+00  6.84636094e-04 
 1.33200000e+00  6.73485240e-04 
 1.33300000e+00  6.62522012e-04 
 1.33400000e+00  6.51743240e-04 
 1.33500000e+00  6.41145806e-04 
 1.33600000e+00  6.30726638e-04 
 1.33700000e+00  6.20482717e-04 
 1.33800000e+00  6.10411070e-04 
 1.33900000e+00  6.00508773e-04 
 1.34000000e+00  5.90772948e-04 
 1.34100000e+00  5.81200766e-04 
 1.34200000e+00  5.71789441e-04 
 1.34300000e+00  5.62536234e-04 
 1.34400000e+00  5.53438451e-04 
 1.34500000e+00  5.44493440e-04 
 1.34600000e+00  5.35698594e-04 
 1.34700000e+00  5.27051349e-04 
 1.34800000e+00  5.18549183e-04 
 1.34900000e+00  5.10189615e-04 
 1.35000000e+00  5.01970206e-04 
 1.35100000e+00  4.93888556e-04 
 1.35200000e+00  4.85942307e-04 
 1.35300000e+00  4.78129139e-04 
 1.35400000e+00  4.70446771e-04 
 1.35500000e+00  4.62892960e-04 
 1.35600000e+00  4.55465500e-04 
 1.35700000e+00  4.48162223e-04 
 1.35800000e+00  4.40980998e-04 
 1.35900000e+00  4.33919729e-04 
 1.36000000e+00  4.26976354e-04 
 1.36100000e+00  4.20148850e-04 
 1.36200000e+00  4.13435224e-04 
 1.36300000e+00  4.06833519e-04 
 1.36400000e+00  4.00341811e-04 
 1.36500000e+00  3.93958209e-04 
 1.36600000e+00  3.87680854e-04 
 1.36700000e+00  3.81507918e-04 
 1.36800000e+00  3.75437606e-04 
 1.36900000e+00  3.69468152e-04 
 1.37000000e+00  3.63597822e-04 
 1.37100000e+00  3.57824911e-04 
 1.37200000e+00  3.52147742e-04 
 1.37300000e+00  3.46564669e-04 
 1.37400000e+00  3.41074074e-04 
 1.37500000e+00  3.35674366e-04 
 1.37600000e+00  3.30363983e-04 
 1.37700000e+00  3.25141388e-04 
 1.37800000e+00  3.20005072e-04 
 1.37900000e+00  3.14953553e-04 
 1.38000000e+00  3.09985373e-04 
 1.38100000e+00  3.05099100e-04 
 1.38200000e+00  3.00293328e-04 
 1.38300000e+00  2.95566673e-04 
 1.38400000e+00  2.90917777e-04 
 1.38500000e+00  2.86345307e-04 
 1.38600000e+00  2.81847949e-04 
 1.38700000e+00  2.77424417e-04 
 1.38800000e+00  2.73073444e-04 
 1.38900000e+00  2.68793786e-04 
 1.39000000e+00  2.64584221e-04 
 1.39100000e+00  2.60443550e-04 
 1.39200000e+00  2.56370591e-04 
 1.39300000e+00  2.52364188e-04 
 1.39400000e+00  2.48423200e-04 
 1.39500000e+00  2.44546511e-04 
 1.39600000e+00  2.40733020e-04 
 1.39700000e+00  2.36981648e-04 
 1.39800000e+00  2.33291336e-04 
 1.39900000e+00  2.29661040e-04 
 1.40000000e+00  2.26089738e-04 
 1.40100000e+00  2.22576423e-04 
 1.40200000e+00  2.19120109e-04 
 1.40300000e+00  2.15719825e-04 
 1.40400000e+00  2.12374617e-04 
 1.40500000e+00  2.09083548e-04 
 1.40600000e+00  2.05845700e-04 
 1.40700000e+00  2.02660167e-04 
 1.40800000e+00  1.99526062e-04 
 1.40900000e+00  1.96442513e-04 
 1.41000000e+00  1.93408663e-04 
 1.41100000e+00  1.90423670e-04 
 1.41200000e+00  1.87486707e-04 
 1.41300000e+00  1.84596961e-04 
 1.41400000e+00  1.81753635e-04 
 1.41500000e+00  1.78955945e-04 
 1.41600000e+00  1.76203120e-04 
 1.41700000e+00  1.73494404e-04 
 1.41800000e+00  1.70829052e-04 
 1.41900000e+00  1.68206336e-04 
 1.42000000e+00  1.65625538e-04 
 1.42100000e+00  1.63085953e-04 
 1.42200000e+00  1.60586888e-04 
 1.42300000e+00  1.58127663e-04 
 1.42400000e+00  1.55707611e-04 
 1.42500000e+00  1.53326074e-04 
 1.42600000e+00  1.50982407e-04 
 1.42700000e+00  1.48675978e-04 
 1.42800000e+00  1.46406164e-04 
 1.42900000e+00  1.44172352e-04 
 1.43000000e+00  1.41973942e-04 
 1.43100000e+00  1.39810344e-04 
 1.43200000e+00  1.37680978e-04 
 1.43300000e+00  1.35585273e-04 
 1.43400000e+00  1.33522671e-04 
 1.43500000e+00  1.31492621e-04 
 1.43600000e+00  1.29494582e-04 
 1.43700000e+00  1.27528024e-04 
 1.43800000e+00  1.25592424e-04 
 1.43900000e+00  1.23687271e-04 
 1.44000000e+00  1.21812061e-04 
 1.44100000e+00  1.19966298e-04 
 1.44200000e+00  1.18149497e-04 
 1.44300000e+00  1.16361179e-04 
 1.44400000e+00  1.14600875e-04 
 1.44500000e+00  1.12868125e-04 
 1.44600000e+00  1.11162473e-04 
 1.44700000e+00  1.09483476e-04 
 1.44800000e+00  1.07830696e-04 
 1.44900000e+00  1.06203701e-04 
 1.45000000e+00  1.04602070e-04 
 1.45100000e+00  1.03025388e-04 
 1.45200000e+00  1.01473245e-04 
 1.45300000e+00  9.99452418e-05 
 1.45400000e+00  9.84409831e-05 
 1.45500000e+00  9.69600819e-05 
 1.45600000e+00  9.55021574e-05 
 1.45700000e+00  9.40668354e-05 
 1.45800000e+00  9.26537484e-05 
 1.45900000e+00  9.12625349e-05 
 1.46000000e+00  8.98928397e-05 
 1.46100000e+00  8.85443138e-05 
 1.46200000e+00  8.72166140e-05 
 1.46300000e+00  8.59094033e-05 
 1.46400000e+00  8.46223501e-05 
 1.46500000e+00  8.33551287e-05 
 1.46600000e+00  8.21074190e-05 
 1.46700000e+00  8.08789061e-05 
 1.46800000e+00  7.96692807e-05 
 1.46900000e+00  7.84782388e-05 
 1.47000000e+00  7.73054814e-05 
 1.47100000e+00  7.61507147e-05 
 1.47200000e+00  7.50136500e-05 
 1.47300000e+00  7.38940032e-05 
 1.47400000e+00  7.27914952e-05 
 1.47500000e+00  7.17058518e-05 
 1.47600000e+00  7.06368030e-05 
 1.47700000e+00  6.95840839e-05 
 1.47800000e+00  6.85474337e-05 
 1.47900000e+00  6.75265960e-05 
 1.48000000e+00  6.65213190e-05 
 1.48100000e+00  6.55313549e-05 
 1.48200000e+00  6.45564601e-05 
 1.48300000e+00  6.35963952e-05 
 1.48400000e+00  6.26509248e-05 
 1.48500000e+00  6.17198173e-05 
 1.48600000e+00  6.08028452e-05 
 1.48700000e+00  5.98997845e-05 
 1.48800000e+00  5.90104154e-05 
 1.48900000e+00  5.81345214e-05 
 1.49000000e+00  5.72718897e-05 
 1.49100000e+00  5.64223111e-05 
 1.49200000e+00  5.55855799e-05 
 1.49300000e+00  5.47614938e-05 
 1.49400000e+00  5.39498538e-05 
 1.49500000e+00  5.31504642e-05 
 1.49600000e+00  5.23631327e-05 
 1.49700000e+00  5.15876701e-05 
 1.49800000e+00  5.08238902e-05 
 1.49900000e+00  5.00716101e-05 
 1.50000000e+00  4.93306497e-05 
 1.50100000e+00  4.86008321e-05 
 1.50200000e+00  4.78819833e-05 
 1.50300000e+00  4.71739318e-05 
 1.50400000e+00  4.64765094e-05 
 1.50500000e+00  4.57895504e-05 
 1.50600000e+00  4.51128918e-05 
 1.50700000e+00  4.44463735e-05 
 1.50800000e+00  4.37898378e-05 
 1.50900000e+00  4.31431296e-05 
 1.51000000e+00  4.25060964e-05 
 1.51100000e+00  4.18785883e-05 
 1.51200000e+00  4.12604576e-05 
 1.51300000e+00  4.06515591e-05 
 1.51400000e+00  4.00517501e-05 
 1.51500000e+00  3.94608901e-05 
 1.51600000e+00  3.88788409e-05 
 1.51700000e+00  3.83054665e-05 
 1.51800000e+00  3.77406331e-05 
 1.51900000e+00  3.71842092e-05 
 1.52000000e+00  3.66360653e-05 
 1.52100000e+00  3.60960741e-05 
 1.52200000e+00  3.55641103e-05 
 1.52300000e+00  3.50400504e-05 
 1.52400000e+00  3.45237734e-05 
 1.52500000e+00  3.40151597e-05 
 1.52600000e+00  3.35140921e-05 
 1.52700000e+00  3.30204549e-05 
 1.52800000e+00  3.25341344e-05 
 1.52900000e+00  3.20550189e-05 
 1.53000000e+00  3.15829981e-05 
 1.53100000e+00  3.11179639e-05 
 1.53200000e+00  3.06598096e-05 
 1.53300000e+00  3.02084304e-05 
 1.53400000e+00  2.97637231e-05 
 1.53500000e+00  2.93255860e-05 
 1.53600000e+00  2.88939194e-05 
 1.53700000e+00  2.84686247e-05 
 1.53800000e+00  2.80496053e-05 
 1.53900000e+00  2.76367659e-05 
 1.54000000e+00  2.72300128e-05 
 1.54100000e+00  2.68292536e-05 
 1.54200000e+00  2.64343977e-05 
 1.54300000e+00  2.60453557e-05 
 1.54400000e+00  2.56620396e-05 
 1.54500000e+00  2.52843629e-05 
 1.54600000e+00  2.49122403e-05 
 1.54700000e+00  2.45455881e-05 
 1.54800000e+00  2.41843238e-05 
 1.54900000e+00  2.38283661e-05 
 1.55000000e+00  2.34776350e-05 
 1.55100000e+00  2.31320520e-05 
 1.55200000e+00  2.27915394e-05 
 1.55300000e+00  2.24560212e-05 
 1.55400000e+00  2.21254221e-05 
 1.55500000e+00  2.17996685e-05 
 1.55600000e+00  2.14786875e-05 
 1.55700000e+00  2.11624076e-05 
 1.55800000e+00  2.08507583e-05 
 1.55900000e+00  2.05436703e-05 
 1.56000000e+00  2.02410753e-05 
 1.56100000e+00  1.99429060e-05 
 1.56200000e+00  1.96490964e-05 
 1.56300000e+00  1.93595811e-05 
 1.56400000e+00  1.90742962e-05 
 1.56500000e+00  1.87931785e-05 
 1.56600000e+00  1.85161659e-05 
 1.56700000e+00  1.82431970e-05 
 1.56800000e+00  1.79742118e-05 
 1.56900000e+00  1.77091509e-05 
 1.57000000e+00  1.74479558e-05 
 1.57100000e+00  1.71905692e-05 
 1.57200000e+00  1.69369344e-05 
 1.57300000e+00  1.66869956e-05 
 1.57400000e+00  1.64406981e-05 
 1.57500000e+00  1.61979877e-05 
 1.57600000e+00  1.59588113e-05 
 1.57700000e+00  1.57231165e-05 
 1.57800000e+00  1.54908517e-05 
 1.57900000e+00  1.52619661e-05 
 1.58000000e+00  1.50364098e-05 
 1.58100000e+00  1.48141335e-05 
 1.58200000e+00  1.45950888e-05 
 1.58300000e+00  1.43792278e-05 
 1.58400000e+00  1.41665037e-05 
 1.58500000e+00  1.39568700e-05 
 1.58600000e+00  1.37502812e-05 
 1.58700000e+00  1.35466925e-05 
 1.58800000e+00  1.33460596e-05 
 1.58900000e+00  1.31483390e-05 
 1.59000000e+00  1.29534879e-05 
 1.59100000e+00  1.27614640e-05 
 1.59200000e+00  1.25722257e-05 
 1.59300000e+00  1.23857322e-05 
 1.59400000e+00  1.22019431e-05 
 1.59500000e+00  1.20208188e-05 
 1.59600000e+00  1.18423200e-05 
 1.59700000e+00  1.16664083e-05 
 1.59800000e+00  1.14930459e-05 
 1.59900000e+00  1.13221953e-05 
 1.60000000e+00  1.11538197e-05 
 1.60100000e+00  1.09878830e-05 
 1.60200000e+00  1.08243494e-05 
 1.60300000e+00  1.06631839e-05 
 1.60400000e+00  1.05043517e-05 
 1.60500000e+00  1.03478189e-05 
 1.60600000e+00  1.01935518e-05 
 1.60700000e+00  1.00415175e-05 
 1.60800000e+00  9.89168320e-06 
 1.60900000e+00  9.74401699e-06 
 1.61000000e+00  9.59848723e-06 
 1.61100000e+00  9.45506279e-06 
 1.61200000e+00  9.31371303e-06 
 1.61300000e+00  9.17440776e-06 
 1.61400000e+00  9.03711725e-06 
 1.61500000e+00  8.90181218e-06 
 1.61600000e+00  8.76846373e-06 
 1.61700000e+00  8.63704347e-06 
 1.61800000e+00  8.50752339e-06 
 1.61900000e+00  8.37987594e-06 
 1.62000000e+00  8.25407394e-06 
 1.62100000e+00  8.13009065e-06 
 1.62200000e+00  8.00789970e-06 
 1.62300000e+00  7.88747513e-06 
 1.62400000e+00  7.76879138e-06 
 1.62500000e+00  7.65182324e-06 
 1.62600000e+00  7.53654590e-06 
 1.62700000e+00  7.42293491e-06 
 1.62800000e+00  7.31096620e-06 
 1.62900000e+00  7.20061603e-06 
 1.63000000e+00  7.09186104e-06 
 1.63100000e+00  6.98467821e-06 
 1.63200000e+00  6.87904485e-06 
 1.63300000e+00  6.77493861e-06 
 1.63400000e+00  6.67233750e-06 
 1.63500000e+00  6.57121983e-06 
 1.63600000e+00  6.47156422e-06 
 1.63700000e+00  6.37334965e-06 
 1.63800000e+00  6.27655536e-06 
 1.63900000e+00  6.18116095e-06 
 1.64000000e+00  6.08714628e-06 
 1.64100000e+00  5.99449152e-06 
 1.64200000e+00  5.90317716e-06 
 1.64300000e+00  5.81318393e-06 
 1.64400000e+00  5.72449290e-06 
 1.64500000e+00  5.63708536e-06 
 1.64600000e+00  5.55094294e-06 
 1.64700000e+00  5.46604748e-06 
 1.64800000e+00  5.38238114e-06 
 1.64900000e+00  5.29992630e-06 
 1.65000000e+00  5.21866563e-06 
 1.65100000e+00  5.13858205e-06 
 1.65200000e+00  5.05965873e-06 
 1.65300000e+00  4.98187907e-06 
 1.65400000e+00  4.90522673e-06 
 1.65500000e+00  4.82968562e-06 
 1.65600000e+00  4.75523987e-06 
 1.65700000e+00  4.68187386e-06 
 1.65800000e+00  4.60957217e-06 
 1.65900000e+00  4.53831964e-06 
 1.66000000e+00  4.46810131e-06 
 1.66100000e+00  4.39890244e-06 
 1.66200000e+00  4.33070853e-06 
 1.66300000e+00  4.26350527e-06 
 1.66400000e+00  4.19727856e-06 
 1.66500000e+00  4.13201452e-06 
 1.66600000e+00  4.06769946e-06 
 1.66700000e+00  4.00431988e-06 
 1.66800000e+00  3.94186252e-06 
 1.66900000e+00  3.88031427e-06 
 1.67000000e+00  3.81966223e-06 
 1.67100000e+00  3.75989368e-06 
 1.67200000e+00  3.70099610e-06 
 1.67300000e+00  3.64295714e-06 
 1.67400000e+00  3.58576464e-06 
 1.67500000e+00  3.52940660e-06 
 1.67600000e+00  3.47387121e-06 
 1.67700000e+00  3.41914683e-06 
 1.67800000e+00  3.36522198e-06 
 1.67900000e+00  3.31208537e-06 
 1.68000000e+00  3.25972584e-06 
 1.68100000e+00  3.20813241e-06 
 1.68200000e+00  3.15729427e-06 
 1.68300000e+00  3.10720075e-06 
 1.68400000e+00  3.05784134e-06 
 1.68500000e+00  3.00920569e-06 
 1.68600000e+00  2.96128358e-06 
 1.68700000e+00  2.91406495e-06 
 1.68800000e+00  2.86753990e-06 
 1.68900000e+00  2.82169864e-06 
 1.69000000e+00  2.77653156e-06 
 1.69100000e+00  2.73202915e-06 
 1.69200000e+00  2.68818206e-06 
 1.69300000e+00  2.64498108e-06 
 1.69400000e+00  2.60241712e-06 
 1.69500000e+00  2.56048122e-06 
 1.69600000e+00  2.51916455e-06 
 1.69700000e+00  2.47845841e-06 
 1.69800000e+00  2.43835424e-06 
 1.69900000e+00  2.39884356e-06 
 1.70000000e+00  2.35991806e-06 
 1.70100000e+00  2.32156953e-06 
 1.70200000e+00  2.28378986e-06 
 1.70300000e+00  2.24657107e-06 
 1.70400000e+00  2.20990532e-06 
 1.70500000e+00  2.17378483e-06 
 1.70600000e+00  2.13820198e-06 
 1.70700000e+00  2.10314922e-06 
 1.70800000e+00  2.06861913e-06 
 1.70900000e+00  2.03460439e-06 
 1.71000000e+00  2.00109780e-06 
 1.71100000e+00  1.96809222e-06 
 1.71200000e+00  1.93558065e-06 
 1.71300000e+00  1.90355619e-06 
 1.71400000e+00  1.87201200e-06 
 1.71500000e+00  1.84094138e-06 
 1.71600000e+00  1.81033770e-06 
 1.71700000e+00  1.78019443e-06 
 1.71800000e+00  1.75050514e-06 
 1.71900000e+00  1.72126346e-06 
 1.72000000e+00  1.69246316e-06 
 1.72100000e+00  1.66409806e-06 
 1.72200000e+00  1.63616207e-06 
 1.72300000e+00  1.60864920e-06 
 1.72400000e+00  1.58155353e-06 
 1.72500000e+00  1.55486923e-06 
 1.72600000e+00  1.52859056e-06 
 1.72700000e+00  1.50271184e-06 
 1.72800000e+00  1.47722749e-06 
 1.72900000e+00  1.45213199e-06 
 1.73000000e+00  1.42741990e-06 
 1.73100000e+00  1.40308588e-06 
 1.73200000e+00  1.37912462e-06 
 1.73300000e+00  1.35553093e-06 
 1.73400000e+00  1.33229965e-06 
 1.73500000e+00  1.30942573e-06 
 1.73600000e+00  1.28690416e-06 
 1.73700000e+00  1.26473001e-06 
 1.73800000e+00  1.24289842e-06 
 1.73900000e+00  1.22140459e-06 
 1.74000000e+00  1.20024380e-06 
 1.74100000e+00  1.17941139e-06 
 1.74200000e+00  1.15890274e-06 
 1.74300000e+00  1.13871332e-06 
 1.74400000e+00  1.11883867e-06 
 1.74500000e+00  1.09927435e-06 
 1.74600000e+00  1.08001603e-06 
 1.74700000e+00  1.06105940e-06 
 1.74800000e+00  1.04240022e-06 
 1.74900000e+00  1.02403432e-06 
 1.75000000e+00  1.00595758e-06 
 1.75100000e+00  9.88165916e-07 
 1.75200000e+00  9.70655331e-07 
 1.75300000e+00  9.53421861e-07 
 1.75400000e+00  9.36461603e-07 
 1.75500000e+00  9.19770703e-07 
 1.75600000e+00  9.03345361e-07 
 1.75700000e+00  8.87181826e-07 
 1.75800000e+00  8.71276400e-07 
 1.75900000e+00  8.55625431e-07 
 1.76000000e+00  8.40225318e-07 
 1.76100000e+00  8.25072508e-07 
 1.76200000e+00  8.10163493e-07 
 1.76300000e+00  7.95494815e-07 
 1.76400000e+00  7.81063058e-07 
 1.76500000e+00  7.66864855e-07 
 1.76600000e+00  7.52896881e-07 
 1.76700000e+00  7.39155855e-07 
 1.76800000e+00  7.25638540e-07 
 1.76900000e+00  7.12341742e-07 
 1.77000000e+00  6.99262309e-07 
 1.77100000e+00  6.86397128e-07 
 1.77200000e+00  6.73743130e-07 
 1.77300000e+00  6.61297284e-07 
 1.77400000e+00  6.49056599e-07 
 1.77500000e+00  6.37018125e-07 
 1.77600000e+00  6.25178948e-07 
 1.77700000e+00  6.13536193e-07 
 1.77800000e+00  6.02087022e-07 
 1.77900000e+00  5.90828634e-07 
 1.78000000e+00  5.79758265e-07 
 1.78100000e+00  5.68873186e-07 
 1.78200000e+00  5.58170704e-07 
 1.78300000e+00  5.47648160e-07 
 1.78400000e+00  5.37302931e-07 
 1.78500000e+00  5.27132426e-07 
 1.78600000e+00  5.17134088e-07 
 1.78700000e+00  5.07305393e-07 
 1.78800000e+00  4.97643851e-07 
 1.78900000e+00  4.88147002e-07 
 1.79000000e+00  4.78812418e-07 
 1.79100000e+00  4.69637703e-07 
 1.79200000e+00  4.60620492e-07 
 1.79300000e+00  4.51758449e-07 
 1.79400000e+00  4.43049269e-07 
 1.79500000e+00  4.34490677e-07 
 1.79600000e+00  4.26080426e-07 
 1.79700000e+00  4.17816299e-07 
 1.79800000e+00  4.09696106e-07 
 1.79900000e+00  4.01717687e-07 
 1.80000000e+00  3.93878907e-07 
